BoneCount: 221
Parent Index: 54
Name: mixamorig:Head
Index: 0
Child Count: 3
Child Indicies: 82
Child Indicies: 2
Child Indicies: 1
1.000000 0.000000 -0.000000 0.000000
0.000000 1.000000 -0.000000 0.000000
-0.000000 -0.000000 1.000000 -0.000000
0.079030 9.920012 -3.031070 1.000000
1.000000 -0.000000 0.000000 0.000000
0.000000 1.000000 -0.000000 0.000000
-0.000000 0.000000 1.000000 -0.000000
-0.148812 -163.914627 -3.843199 1.000000
Parent Index: 0
Name: mixamorig:LeftEye
Index: 1
Child Count: 0
1.000000 0.000000 -0.000000 0.000000
0.000000 1.000000 -0.000000 0.000000
-0.000000 -0.000000 1.000000 -0.000000
3.174332 8.142225 -9.603059 1.000000
1.000000 -0.000000 0.000000 0.000000
0.000000 1.000000 -0.000000 0.000000
-0.000000 0.000000 1.000000 -0.000000
-3.323143 -172.056854 5.759860 1.000000
Parent Index: 0
Name: mixamorig:RightEye
Index: 2
Child Count: 0
1.000000 0.000000 -0.000000 0.000000
0.000000 1.000000 -0.000000 0.000000
-0.000000 -0.000000 1.000000 -0.000000
-3.487555 7.964085 -9.523250 1.000000
1.000000 -0.000000 0.000000 0.000000
0.000000 1.000000 -0.000000 0.000000
-0.000000 0.000000 1.000000 -0.000000
3.338744 -171.878708 5.680051 1.000000
Parent Index: 148
Name: mixamorig:RightForeArm
Index: 3
Child Count: 1
Child Indicies: 149
1.000000 0.000000 -0.000000 0.000000
0.000000 1.000000 -0.000000 0.000000
-0.000000 -0.000000 1.000000 -0.000000
0.000000 0.000000 -0.000000 1.000000
0.102174 -0.993598 0.048213 0.000000
-0.230892 0.023455 0.972697 0.000000
-0.967600 -0.110517 -0.227018 -0.000000
46.941727 -47.303932 -140.345505 1.000000
Parent Index: 151
Name: mixamorig:RightHand
Index: 4
Child Count: 5
Child Indicies: 152
Child Indicies: 161
Child Indicies: 170
Child Indicies: 179
Child Indicies: 188
1.000000 0.000000 -0.000000 0.000000
0.000000 1.000000 -0.000000 0.000000
-0.000000 -0.000000 1.000000 -0.000000
0.000000 0.000000 -0.000000 1.000000
0.039768 -0.997070 -0.065339 0.000000
0.007610 -0.065087 0.997851 0.000000
-0.999180 -0.040179 0.004999 -0.000000
7.044362 -62.040535 -153.523880 1.000000
Parent Index: 154
Name: mixamorig:RightHandMiddle1
Index: 5
Child Count: 1
Child Indicies: 155
1.000000 0.000000 -0.000000 0.000000
0.000000 1.000000 -0.000000 0.000000
-0.000000 -0.000000 1.000000 -0.000000
0.000000 0.000000 -0.000000 1.000000
0.108265 -0.994011 -0.014837 0.000000
0.012070 -0.013610 0.999835 0.000000
-0.994049 -0.108426 0.010524 -0.000000
11.225836 -82.381317 -149.639725 1.000000
Parent Index: 163
Name: mixamorig:RightHandThumb1
Index: 6
Child Count: 1
Child Indicies: 164
1.000000 0.000000 -0.000000 0.000000
0.000000 1.000000 -0.000000 0.000000
-0.000000 -0.000000 1.000000 -0.000000
0.000000 0.000000 -0.000000 1.000000
0.591981 -0.754430 -0.283537 0.000000
0.042795 -0.321883 0.945811 0.000000
-0.804815 -0.572037 -0.158263 -0.000000
41.396694 -9.593585 -160.303848 1.000000
Parent Index: 172
Name: mixamorig:RightHandIndex1
Index: 7
Child Count: 1
Child Indicies: 173
1.000000 0.000000 -0.000000 0.000000
0.000000 1.000000 -0.000000 0.000000
-0.000000 -0.000000 1.000000 -0.000000
0.000000 0.000000 -0.000000 1.000000
0.115782 -0.989606 -0.085289 0.000000
0.012558 -0.084402 0.996353 0.000000
-0.993195 -0.116431 0.002655 -0.000000
9.132848 -71.300713 -154.837387 1.000000
Parent Index: 181
Name: mixamorig:RightHandRing1
Index: 8
Child Count: 1
Child Indicies: 182
1.000000 0.000000 -0.000000 0.000000
0.000000 1.000000 -0.000000 0.000000
-0.000000 -0.000000 1.000000 -0.000000
0.000000 0.000000 -0.000000 1.000000
0.072706 -0.995153 -0.066215 0.000000
0.009758 -0.065678 0.997793 0.000000
-0.997306 -0.073192 0.004935 -0.000000
10.677161 -74.334351 -153.740707 1.000000
Parent Index: 166
Name: mixamorig:RightHandThumb2
Index: 9
Child Count: 1
Child Indicies: 167
1.000000 0.000000 -0.000000 0.000000
0.000000 1.000000 -0.000000 0.000000
-0.000000 -0.000000 1.000000 -0.000000
0.000000 0.000000 -0.000000 1.000000
0.591981 -0.713327 -0.375131 0.000000
0.042795 -0.436973 0.898456 0.000000
-0.804815 -0.547923 -0.228152 -0.000000
41.687572 5.843121 -160.825165 1.000000
Parent Index: 169
Name: mixamorig:RightHandThumb3
Index: 10
Child Count: 1
Child Indicies: 20
1.000000 0.000000 -0.000000 0.000000
0.000000 1.000000 -0.000000 0.000000
-0.000000 -0.000000 1.000000 -0.000000
0.000000 0.000000 -0.000000 1.000000
0.591981 -0.736341 -0.327660 0.000000
0.042795 -0.377258 0.925119 0.000000
-0.804815 -0.561675 -0.191818 -0.000000
41.648720 -8.320839 -160.624893 1.000000
Parent Index: 190
Name: mixamorig:RightHandPinky1
Index: 11
Child Count: 1
Child Indicies: 191
1.000000 0.000000 -0.000000 0.000000
0.000000 1.000000 -0.000000 0.000000
-0.000000 -0.000000 1.000000 -0.000000
0.000000 0.000000 -0.000000 1.000000
0.108603 -0.992774 -0.051035 0.000000
0.012092 -0.050015 0.998675 0.000000
-0.994012 -0.109076 0.006572 -0.000000
15.564674 -75.207657 -152.273346 1.000000
Parent Index: 193
Name: mixamorig:RightHandPinky2
Index: 12
Child Count: 1
Child Indicies: 194
1.000000 0.000000 -0.000000 0.000000
0.000000 1.000000 -0.000000 0.000000
-0.000000 -0.000000 1.000000 -0.000000
0.000000 0.000000 -0.000000 1.000000
0.108603 -0.993881 -0.020161 0.000000
0.012092 -0.018959 0.999747 0.000000
-0.994012 -0.108819 0.009959 -0.000000
15.472649 -82.764442 -149.773926 1.000000
Parent Index: 184
Name: mixamorig:RightHandRing2
Index: 13
Child Count: 1
Child Indicies: 185
1.000000 0.000000 -0.000000 0.000000
0.000000 1.000000 -0.000000 0.000000
-0.000000 -0.000000 1.000000 -0.000000
0.000000 0.000000 -0.000000 1.000000
0.072706 -0.997349 0.003068 0.000000
0.009758 0.003787 0.999945 0.000000
-0.997306 -0.072673 0.010007 -0.000000
10.746439 -87.736168 -148.004074 1.000000
Parent Index: 187
Name: mixamorig:RightHandRing3
Index: 14
Child Count: 1
Child Indicies: 24
1.000000 0.000000 -0.000000 0.000000
0.000000 1.000000 -0.000000 0.000000
-0.000000 -0.000000 1.000000 -0.000000
0.000000 0.000000 -0.000000 1.000000
0.072706 -0.997346 -0.003969 0.000000
0.009758 -0.003268 0.999947 0.000000
-0.997306 -0.072741 0.009494 -0.000000
10.738074 -89.752388 -148.640976 1.000000
Parent Index: 196
Name: mixamorig:RightHandPinky3
Index: 15
Child Count: 1
Child Indicies: 22
1.000000 0.000000 -0.000000 0.000000
0.000000 1.000000 -0.000000 0.000000
-0.000000 -0.000000 1.000000 -0.000000
0.000000 0.000000 -0.000000 1.000000
0.108603 -0.993149 0.043131 0.000000
0.012092 0.044704 0.998927 0.000000
-0.994012 -0.107965 0.016864 -0.000000
15.460007 -93.889763 -144.090805 1.000000
Parent Index: 157
Name: mixamorig:RightHandMiddle2
Index: 16
Child Count: 1
Child Indicies: 158
1.000000 0.000000 -0.000000 0.000000
0.000000 1.000000 -0.000000 0.000000
-0.000000 -0.000000 1.000000 -0.000000
0.000000 0.000000 -0.000000 1.000000
0.108265 -0.991340 -0.074327 0.000000
0.012070 -0.073450 0.997226 0.000000
-0.994049 -0.108862 0.004013 -0.000000
11.286798 -76.443504 -154.493988 1.000000
Parent Index: 160
Name: mixamorig:RightHandMiddle3
Index: 17
Child Count: 1
Child Indicies: 23
1.000000 0.000000 -0.000000 0.000000
0.000000 1.000000 -0.000000 0.000000
-0.000000 -0.000000 1.000000 -0.000000
0.000000 0.000000 -0.000000 1.000000
0.108265 -0.993938 -0.019148 0.000000
0.012070 -0.017945 0.999766 0.000000
-0.994049 -0.108471 0.010054 -0.000000
11.288393 -87.939217 -149.840652 1.000000
Parent Index: 175
Name: mixamorig:RightHandIndex2
Index: 18
Child Count: 1
Child Indicies: 176
1.000000 0.000000 -0.000000 0.000000
0.000000 1.000000 -0.000000 0.000000
-0.000000 -0.000000 1.000000 -0.000000
0.000000 0.000000 -0.000000 1.000000
0.115782 -0.993265 -0.004417 0.000000
0.012558 -0.002982 0.999917 0.000000
-0.993195 -0.115828 0.012128 -0.000000
9.124416 -86.960724 -148.248062 1.000000
Parent Index: 178
Name: mixamorig:RightHandIndex3
Index: 19
Child Count: 1
Child Indicies: 21
1.000000 0.000000 -0.000000 0.000000
0.000000 1.000000 -0.000000 0.000000
-0.000000 -0.000000 1.000000 -0.000000
0.000000 0.000000 -0.000000 1.000000
0.115782 -0.993005 0.023136 0.000000
0.012558 0.024754 0.999615 0.000000
-0.993195 -0.115447 0.015336 -0.000000
9.096719 -93.742744 -145.703903 1.000000
Parent Index: 10
Name: mixamorig:RightHandThumb4
Index: 20
Child Count: 0
1.000000 0.000000 -0.000000 0.000000
0.000000 1.000000 -0.000000 0.000000
-0.000000 -0.000000 1.000000 -0.000000
0.252018 3.074270 -0.000000 1.000000
0.591981 -0.736341 -0.327660 0.000000
0.042795 -0.377258 0.925119 0.000000
-0.804815 -0.561675 -0.191818 -0.000000
41.396698 -11.395096 -160.624908 1.000000
Parent Index: 19
Name: mixamorig:RightHandIndex4
Index: 21
Child Count: 0
1.000000 0.000000 -0.000000 0.000000
0.000000 1.000000 -0.000000 0.000000
-0.000000 -0.000000 1.000000 -0.000000
-0.036132 2.901140 0.000000 1.000000
0.115782 -0.993005 0.023136 0.000000
0.012558 0.024754 0.999615 0.000000
-0.993195 -0.115447 0.015336 -0.000000
9.132850 -96.643883 -145.703918 1.000000
Parent Index: 15
Name: mixamorig:RightHandPinky4
Index: 22
Child Count: 0
1.000000 0.000000 -0.000000 0.000000
0.000000 1.000000 -0.000000 0.000000
-0.000000 -0.000000 1.000000 -0.000000
-0.104666 2.315514 0.000000 1.000000
0.108603 -0.993149 0.043131 0.000000
0.012092 0.044704 0.998927 0.000000
-0.994012 -0.107965 0.016864 -0.000000
15.564674 -96.205276 -144.090805 1.000000
Parent Index: 17
Name: mixamorig:RightHandMiddle4
Index: 23
Child Count: 0
1.000000 0.000000 -0.000000 0.000000
0.000000 1.000000 -0.000000 0.000000
-0.000000 -0.000000 1.000000 -0.000000
0.062557 3.806839 -0.000000 1.000000
0.108265 -0.993938 -0.019148 0.000000
0.012070 -0.017945 0.999766 0.000000
-0.994049 -0.108471 0.010054 -0.000000
11.225837 -91.746056 -149.840637 1.000000
Parent Index: 14
Name: mixamorig:RightHandRing4
Index: 24
Child Count: 0
1.000000 0.000000 -0.000000 0.000000
0.000000 1.000000 -0.000000 0.000000
-0.000000 -0.000000 1.000000 -0.000000
0.060914 3.401929 -0.000000 1.000000
0.072706 -0.997346 -0.003969 0.000000
0.009758 -0.003268 0.999947 0.000000
-0.997306 -0.072741 0.009494 -0.000000
10.677160 -93.154312 -148.640991 1.000000
Parent Index: 145
Name: mixamorig:RightArm
Index: 25
Child Count: 1
Child Indicies: 146
1.000000 0.000000 -0.000000 0.000000
0.000000 1.000000 -0.000000 0.000000
-0.000000 -0.000000 1.000000 -0.000000
0.000000 0.000000 -0.000000 1.000000
0.039996 -0.999188 0.004811 0.000000
-0.231628 -0.004588 0.972794 0.000000
-0.971982 -0.040022 -0.231624 -0.000000
44.287548 -15.538906 -142.275940 1.000000
Parent Index: 91
Name: mixamorig:LeftForeArm
Index: 26
Child Count: 1
Child Indicies: 92
1.000000 0.000000 -0.000000 0.000000
0.000000 1.000000 -0.000000 0.000000
-0.000000 -0.000000 1.000000 -0.000000
0.000000 0.000000 -0.000000 1.000000
0.110078 0.992770 -0.047859 0.000000
0.246780 0.019344 0.968878 0.000000
0.962799 -0.118463 -0.242867 -0.000000
-49.517731 -47.161068 -140.357483 1.000000
Parent Index: 94
Name: mixamorig:LeftHand
Index: 27
Child Count: 5
Child Indicies: 95
Child Indicies: 104
Child Indicies: 113
Child Indicies: 122
Child Indicies: 131
1.000000 0.000000 -0.000000 0.000000
0.000000 1.000000 -0.000000 0.000000
-0.000000 -0.000000 1.000000 -0.000000
0.000000 0.000000 -0.000000 1.000000
0.026656 0.999488 0.017713 0.000000
-0.082103 -0.015470 0.996504 0.000000
0.996267 -0.028017 0.081648 -0.000000
5.514285 -69.242737 -150.777267 1.000000
Parent Index: 97
Name: mixamorig:LeftHandMiddle1
Index: 28
Child Count: 1
Child Indicies: 98
1.000000 0.000000 -0.000000 0.000000
0.000000 1.000000 -0.000000 0.000000
-0.000000 -0.000000 1.000000 -0.000000
0.000000 0.000000 -0.000000 1.000000
0.058074 0.998250 0.011143 0.000000
-0.082548 -0.006321 0.996567 0.000000
0.994894 -0.058795 0.082037 -0.000000
3.905283 -83.869568 -150.270996 1.000000
Parent Index: 106
Name: mixamorig:LeftHandThumb1
Index: 29
Child Count: 1
Child Indicies: 107
1.000000 0.000000 -0.000000 0.000000
0.000000 1.000000 -0.000000 0.000000
-0.000000 -0.000000 1.000000 -0.000000
0.000000 0.000000 -0.000000 1.000000
0.490021 0.799391 0.347638 0.000000
-0.079833 -0.355970 0.931081 0.000000
0.868047 -0.484003 -0.110615 -0.000000
-27.077343 -8.059806 -164.459183 1.000000
Parent Index: 124
Name: mixamorig:LeftHandRing1
Index: 30
Child Count: 1
Child Indicies: 125
1.000000 0.000000 -0.000000 0.000000
0.000000 1.000000 -0.000000 0.000000
-0.000000 -0.000000 1.000000 -0.000000
0.000000 0.000000 -0.000000 1.000000
0.014300 0.996639 -0.080665 0.000000
-0.081905 0.081570 0.993297 0.000000
0.996538 -0.007598 0.082796 -0.000000
5.457696 -96.371407 -142.196289 1.000000
Parent Index: 109
Name: mixamorig:LeftHandThumb2
Index: 31
Child Count: 1
Child Indicies: 110
1.000000 0.000000 -0.000000 0.000000
0.000000 1.000000 -0.000000 0.000000
-0.000000 -0.000000 1.000000 -0.000000
0.000000 0.000000 -0.000000 1.000000
0.490021 0.777348 0.394472 0.000000
-0.079833 -0.410606 0.908312 0.000000
0.868047 -0.476584 -0.139147 -0.000000
-27.317352 -3.023071 -164.929382 1.000000
Parent Index: 112
Name: mixamorig:LeftHandThumb3
Index: 32
Child Count: 1
Child Indicies: 34
1.000000 0.000000 -0.000000 0.000000
0.000000 1.000000 -0.000000 0.000000
-0.000000 -0.000000 1.000000 -0.000000
0.000000 0.000000 -0.000000 1.000000
0.490022 0.805281 0.333768 0.000000
-0.079833 -0.339822 0.937095 0.000000
0.868047 -0.485843 -0.102232 -0.000000
-27.295933 -19.346773 -163.929062 1.000000
Parent Index: 115
Name: mixamorig:LeftHandIndex1
Index: 33
Child Count: 1
Child Indicies: 116
1.000000 0.000000 -0.000000 0.000000
0.000000 1.000000 -0.000000 0.000000
-0.000000 -0.000000 1.000000 -0.000000
0.000000 0.000000 -0.000000 1.000000
0.025920 0.997947 0.058571 0.000000
-0.082091 -0.056268 0.995035 0.000000
0.996288 -0.030599 0.080464 -0.000000
9.133363 -76.066589 -153.865097 1.000000
Parent Index: 32
Name: mixamorig:LeftHandThumb4
Index: 34
Child Count: 0
1.000000 0.000000 -0.000000 0.000000
0.000000 1.000000 -0.000000 0.000000
-0.000000 -0.000000 1.000000 -0.000000
-0.218585 2.664013 -0.000000 1.000000
0.490022 0.805281 0.333768 0.000000
-0.079833 -0.339822 0.937095 0.000000
0.868047 -0.485843 -0.102232 -0.000000
-27.077347 -22.010786 -163.929077 1.000000
Parent Index: 133
Name: mixamorig:LeftHandPinky1
Index: 35
Child Count: 1
Child Indicies: 134
1.000000 0.000000 -0.000000 0.000000
0.000000 1.000000 -0.000000 0.000000
-0.000000 -0.000000 1.000000 -0.000000
0.000000 0.000000 -0.000000 1.000000
0.053271 0.997519 -0.046017 0.000000
-0.082485 0.050320 0.995321 0.000000
0.995167 -0.049226 0.084961 -0.000000
-0.115073 -89.965668 -145.128067 1.000000
Parent Index: 136
Name: mixamorig:LeftHandPinky2
Index: 36
Child Count: 1
Child Indicies: 137
1.000000 0.000000 -0.000000 0.000000
0.000000 1.000000 -0.000000 0.000000
-0.000000 -0.000000 1.000000 -0.000000
0.000000 0.000000 -0.000000 1.000000
0.053271 0.998393 -0.019325 0.000000
-0.082485 0.023686 0.996311 0.000000
0.995167 -0.051480 0.083615 -0.000000
-0.067660 -89.088028 -147.563187 1.000000
Parent Index: 127
Name: mixamorig:LeftHandRing2
Index: 37
Child Count: 1
Child Indicies: 128
1.000000 0.000000 -0.000000 0.000000
0.000000 1.000000 -0.000000 0.000000
-0.000000 -0.000000 1.000000 -0.000000
0.000000 0.000000 -0.000000 1.000000
0.014300 0.999588 -0.024896 0.000000
-0.081905 0.025986 0.996301 0.000000
0.996538 -0.012208 0.082243 -0.000000
5.499433 -91.533669 -147.536804 1.000000
Parent Index: 130
Name: mixamorig:LeftHandRing3
Index: 38
Child Count: 1
Child Indicies: 45
1.000000 0.000000 -0.000000 0.000000
0.000000 1.000000 -0.000000 0.000000
-0.000000 -0.000000 1.000000 -0.000000
0.000000 0.000000 -0.000000 1.000000
0.014300 0.988732 0.149010 0.000000
-0.081905 -0.147366 0.985685 0.000000
0.996538 -0.026300 0.078875 -0.000000
5.510913 -67.402283 -161.692917 1.000000
Parent Index: 139
Name: mixamorig:LeftHandPinky3
Index: 39
Child Count: 1
Child Indicies: 46
1.000000 0.000000 -0.000000 0.000000
0.000000 1.000000 -0.000000 0.000000
-0.000000 -0.000000 1.000000 -0.000000
0.000000 0.000000 -0.000000 1.000000
0.053271 0.998319 -0.022823 0.000000
-0.082485 0.027176 0.996222 0.000000
0.995168 -0.051187 0.083795 -0.000000
-0.046164 -91.683548 -147.242844 1.000000
Parent Index: 100
Name: mixamorig:LeftHandMiddle2
Index: 40
Child Count: 1
Child Indicies: 101
1.000000 0.000000 -0.000000 0.000000
0.000000 1.000000 -0.000000 0.000000
-0.000000 -0.000000 1.000000 -0.000000
0.000000 0.000000 -0.000000 1.000000
0.058074 0.997665 0.035951 0.000000
-0.082548 -0.031089 0.996102 0.000000
0.994894 -0.060815 0.080550 -0.000000
3.905196 -83.741234 -152.399506 1.000000
Parent Index: 103
Name: mixamorig:LeftHandMiddle3
Index: 41
Child Count: 1
Child Indicies: 47
1.000000 0.000000 -0.000000 0.000000
0.000000 1.000000 -0.000000 0.000000
-0.000000 -0.000000 1.000000 -0.000000
0.000000 0.000000 -0.000000 1.000000
0.058074 0.998252 -0.010950 0.000000
-0.082548 0.015733 0.996463 0.000000
0.994894 -0.056965 0.083318 -0.000000
3.871219 -93.994820 -148.147964 1.000000
Parent Index: 118
Name: mixamorig:LeftHandIndex2
Index: 42
Child Count: 1
Child Indicies: 119
1.000000 0.000000 -0.000000 0.000000
0.000000 1.000000 -0.000000 0.000000
-0.000000 -0.000000 1.000000 -0.000000
0.000000 0.000000 -0.000000 1.000000
0.025920 0.998093 0.056022 0.000000
-0.082091 -0.053727 0.995176 0.000000
0.996288 -0.030394 0.080542 -0.000000
9.214875 -79.761925 -153.661896 1.000000
Parent Index: 121
Name: mixamorig:LeftHandIndex3
Index: 43
Child Count: 1
Child Indicies: 44
1.000000 0.000000 -0.000000 0.000000
0.000000 1.000000 -0.000000 0.000000
-0.000000 -0.000000 1.000000 -0.000000
0.000000 0.000000 -0.000000 1.000000
0.025920 0.999558 -0.014561 0.000000
-0.082091 0.016645 0.996486 0.000000
0.996288 -0.024633 0.082486 -0.000000
9.173436 -93.333275 -147.442276 1.000000
Parent Index: 43
Name: mixamorig:LeftHandIndex4
Index: 44
Child Count: 0
1.000000 0.000000 -0.000000 0.000000
0.000000 1.000000 -0.000000 0.000000
-0.000000 -0.000000 1.000000 -0.000000
0.040074 2.672639 -0.000000 1.000000
0.025920 0.999558 -0.014561 0.000000
-0.082091 0.016645 0.996486 0.000000
0.996288 -0.024633 0.082486 -0.000000
9.133362 -96.005905 -147.442291 1.000000
Parent Index: 38
Name: mixamorig:LeftHandRing4
Index: 45
Child Count: 0
1.000000 0.000000 -0.000000 0.000000
0.000000 1.000000 -0.000000 0.000000
-0.000000 -0.000000 1.000000 -0.000000
0.053218 3.030479 -0.000000 1.000000
0.014300 0.988732 0.149010 0.000000
-0.081905 -0.147366 0.985685 0.000000
0.996538 -0.026300 0.078875 -0.000000
5.457695 -70.432770 -161.692902 1.000000
Parent Index: 39
Name: mixamorig:LeftHandPinky4
Index: 46
Child Count: 0
1.000000 0.000000 -0.000000 0.000000
0.000000 1.000000 -0.000000 0.000000
-0.000000 -0.000000 1.000000 -0.000000
0.068910 2.272113 -0.000000 1.000000
0.053271 0.998319 -0.022823 0.000000
-0.082485 0.027176 0.996222 0.000000
0.995168 -0.051187 0.083795 -0.000000
-0.115074 -93.955673 -147.242844 1.000000
Parent Index: 41
Name: mixamorig:LeftHandMiddle4
Index: 47
Child Count: 0
1.000000 0.000000 -0.000000 0.000000
0.000000 1.000000 -0.000000 0.000000
-0.000000 -0.000000 1.000000 -0.000000
-0.034064 3.027987 -0.000000 1.000000
0.058074 0.998252 -0.010950 0.000000
-0.082548 0.015733 0.996463 0.000000
0.994894 -0.056965 0.083318 -0.000000
3.905282 -97.022812 -148.147995 1.000000
Parent Index: 66
Name: mixamorig:Hips
Index: 48
Child Count: 3
Child Indicies: 73
Child Indicies: 197
Child Indicies: 209
1.000000 0.000000 -0.000000 0.000000
0.000000 1.000000 -0.000000 0.000000
-0.000000 -0.000000 1.000000 -0.000000
-0.523678 106.435188 6.815137 1.000000
1.000000 0.000000 -0.000000 0.000000
0.000000 1.000000 -0.000000 0.000000
-0.000000 -0.000000 1.000000 -0.000000
0.523678 -106.435188 -6.815137 1.000000
Parent Index: 75
Name: mixamorig:Spine
Index: 49
Child Count: 1
Child Indicies: 76
1.000000 0.000000 -0.000000 0.000000
0.000000 1.000000 -0.000000 0.000000
-0.000000 -0.000000 1.000000 -0.000000
0.000000 0.000000 -0.000000 1.000000
0.999905 0.013780 -0.000440 0.000000
-0.013787 0.999395 -0.031919 0.000000
-0.000000 0.031922 0.999490 -0.000000
2.172886 -116.192474 -4.024169 1.000000
Parent Index: 78
Name: mixamorig:Spine1
Index: 50
Child Count: 1
Child Indicies: 51
1.000000 0.000000 -0.000000 0.000000
0.000000 1.000000 -0.000000 0.000000
-0.000000 -0.000000 1.000000 -0.000000
0.000000 0.000000 -0.000000 1.000000
0.999985 0.005516 -0.000305 0.000000
-0.005518 0.999958 -0.007355 0.000000
0.000264 0.007356 0.999973 -0.000000
1.129763 -125.941315 -7.120431 1.000000
Parent Index: 50
Name: mixamorig:Spine2
Index: 51
Child Count: 3
Child Indicies: 79
Child Indicies: 83
Child Indicies: 140
1.000000 0.000000 -0.000000 0.000000
0.000000 1.000000 -0.000000 0.000000
-0.000000 -0.000000 1.000000 -0.000000
0.000000 12.732540 -0.000000 1.000000
0.999985 0.005516 -0.000305 0.000000
-0.005518 0.999958 -0.007355 0.000000
0.000264 0.007356 0.999973 -0.000000
1.129763 -138.673843 -7.120432 1.000000
Parent Index: 199
Name: mixamorig:LeftUpLeg
Index: 52
Child Count: 1
Child Indicies: 200
1.000000 0.000000 -0.000000 0.000000
0.000000 1.000000 -0.000000 0.000000
-0.000000 -0.000000 1.000000 -0.000000
0.000000 0.000000 -0.000000 1.000000
-0.999041 0.043778 -0.000000 0.000000
-0.043770 -0.998848 -0.019689 0.000000
-0.000862 -0.019670 0.999806 -0.000000
14.096708 98.706757 -4.866171 1.000000
Parent Index: 211
Name: mixamorig:RightUpLeg
Index: 53
Child Count: 1
Child Indicies: 212
1.000000 0.000000 -0.000000 0.000000
0.000000 1.000000 -0.000000 0.000000
-0.000000 -0.000000 1.000000 -0.000000
0.000000 0.000000 -0.000000 1.000000
-0.999208 -0.039787 -0.000000 0.000000
0.039778 -0.998961 -0.022245 0.000000
0.000885 -0.022228 0.999753 -0.000000
-14.338207 98.136726 -4.451283 1.000000
Parent Index: 81
Name: mixamorig:Neck
Index: 54
Child Count: 1
Child Indicies: 0
1.000000 0.000000 -0.000000 0.000000
0.000000 1.000000 -0.000000 0.000000
-0.000000 -0.000000 1.000000 -0.000000
0.000000 0.000000 -0.000000 1.000000
1.000000 -0.000000 0.000000 0.000000
0.000000 1.000000 -0.000000 0.000000
-0.000000 0.000000 1.000000 -0.000000
-0.069782 -153.994614 -6.874269 1.000000
Parent Index: 142
Name: mixamorig:RightShoulder
Index: 55
Child Count: 1
Child Indicies: 143
1.000000 0.000000 -0.000000 0.000000
0.000000 1.000000 -0.000000 0.000000
-0.000000 -0.000000 1.000000 -0.000000
0.000000 0.000000 -0.000000 1.000000
-0.218476 -0.975757 -0.012925 0.000000
-0.229451 0.038492 0.972559 0.000000
-0.948483 0.215447 -0.232298 -0.000000
39.447388 -13.033368 -142.529373 1.000000
Parent Index: 85
Name: mixamorig:LeftShoulder
Index: 56
Child Count: 1
Child Indicies: 86
1.000000 0.000000 -0.000000 0.000000
0.000000 1.000000 -0.000000 0.000000
-0.000000 -0.000000 1.000000 -0.000000
0.000000 0.000000 -0.000000 1.000000
-0.183686 0.982985 -0.000788 0.000000
0.241882 0.045977 0.969216 0.000000
0.952760 0.177841 -0.246212 -0.000000
-41.353119 -13.561972 -141.852020 1.000000
Parent Index: 202
Name: mixamorig:LeftLeg
Index: 57
Child Count: 1
Child Indicies: 203
1.000000 0.000000 -0.000000 0.000000
0.000000 1.000000 -0.000000 0.000000
-0.000000 -0.000000 1.000000 -0.000000
0.000000 0.000000 -0.000000 1.000000
-0.993741 0.111420 -0.008001 0.000000
-0.111686 -0.992407 0.051529 0.000000
-0.002199 0.052100 0.998640 -0.000000
17.691607 51.706039 -8.591880 1.000000
Parent Index: 205
Name: mixamorig:LeftFoot
Index: 58
Child Count: 1
Child Indicies: 206
1.000000 0.000000 -0.000000 0.000000
0.000000 1.000000 -0.000000 0.000000
-0.000000 -0.000000 1.000000 -0.000000
0.000000 0.000000 -0.000000 1.000000
-0.993771 0.071771 0.085257 0.000000
-0.111389 -0.663729 -0.739632 0.000000
0.003504 -0.744522 0.667589 -0.000000
17.642248 13.269164 2.603252 1.000000
Parent Index: 208
Name: mixamorig:LeftToeBase
Index: 59
Child Count: 1
Child Indicies: 60
1.000000 0.000000 -0.000000 0.000000
0.000000 1.000000 -0.000000 0.000000
-0.000000 -0.000000 1.000000 -0.000000
0.000000 0.000000 -0.000000 1.000000
-0.997374 0.047623 0.054572 0.000000
-0.055054 -0.008857 -0.998444 0.000000
-0.047066 -0.998826 0.011456 -0.000000
17.394424 -4.196437 1.554296 1.000000
Parent Index: 59
Name: mixamorig:LeftToe_End
Index: 60
Child Count: 0
1.000000 0.000000 -0.000000 0.000000
0.000000 1.000000 -0.000000 0.000000
-0.000000 -0.000000 1.000000 -0.000000
0.000000 9.662436 0.000000 1.000000
-0.997374 0.047623 0.054572 0.000000
-0.055054 -0.008857 -0.998444 0.000000
-0.047066 -0.998826 0.011456 -0.000000
17.394423 -13.858872 1.554296 1.000000
Parent Index: 214
Name: mixamorig:RightLeg
Index: 61
Child Count: 1
Child Indicies: 215
1.000000 0.000000 -0.000000 0.000000
0.000000 1.000000 -0.000000 0.000000
-0.000000 -0.000000 1.000000 -0.000000
0.000000 0.000000 -0.000000 1.000000
-0.995834 -0.090831 0.008016 0.000000
0.091162 -0.993689 0.065365 0.000000
0.002028 0.065823 0.997829 -0.000000
-17.023994 51.130817 -8.981057 1.000000
Parent Index: 217
Name: mixamorig:RightFoot
Index: 62
Child Count: 1
Child Indicies: 218
1.000000 0.000000 -0.000000 0.000000
0.000000 1.000000 -0.000000 0.000000
-0.000000 -0.000000 1.000000 -0.000000
0.000000 0.000000 -0.000000 1.000000
-0.995661 -0.039930 -0.084058 0.000000
0.089270 -0.664963 -0.741522 0.000000
-0.026287 -0.745808 0.665642 -0.000000
-16.762297 13.836925 2.351732 1.000000
Parent Index: 220
Name: mixamorig:RightToeBase
Index: 63
Child Count: 1
Child Indicies: 64
1.000000 0.000000 -0.000000 0.000000
0.000000 1.000000 -0.000000 0.000000
-0.000000 -0.000000 1.000000 -0.000000
0.000000 0.000000 -0.000000 1.000000
-0.996157 -0.080876 0.033623 0.000000
-0.031740 -0.024454 -0.999197 0.000000
0.081633 -0.996424 0.021793 -0.000000
-16.161888 -4.430348 2.837633 1.000000
Parent Index: 63
Name: mixamorig:RightToe_End
Index: 64
Child Count: 0
1.000000 0.000000 -0.000000 0.000000
0.000000 1.000000 -0.000000 0.000000
-0.000000 -0.000000 1.000000 -0.000000
-0.000000 9.954662 -0.000000 1.000000
-0.996157 -0.080876 0.033623 0.000000
-0.031740 -0.024454 -0.999197 0.000000
0.081633 -0.996424 0.021793 -0.000000
-16.161888 -14.385009 2.837633 1.000000
Parent Index: 88
Name: mixamorig:LeftArm
Index: 65
Child Count: 1
Child Indicies: 89
1.000000 0.000000 -0.000000 0.000000
0.000000 1.000000 -0.000000 0.000000
-0.000000 -0.000000 1.000000 -0.000000
0.000000 0.000000 -0.000000 1.000000
0.020287 0.999518 -0.023514 0.000000
0.246177 0.017801 0.969062 0.000000
0.969013 -0.025448 -0.245697 -0.000000
-45.387173 -18.365934 -141.471115 1.000000
Parent Index: -1
Name: RootNode
Index: 66
Child Count: 7
Child Indicies: 67
Child Indicies: 68
Child Indicies: 69
Child Indicies: 70
Child Indicies: 71
Child Indicies: 72
Child Indicies: 48
1.000000 0.000000 -0.000000 0.000000
0.000000 1.000000 -0.000000 0.000000
-0.000000 -0.000000 1.000000 -0.000000
0.000000 0.000000 -0.000000 1.000000
1.000000 0.000000 0.000000 0.000000
0.000000 1.000000 0.000000 0.000000
0.000000 0.000000 1.000000 0.000000
0.000000 0.000000 0.000000 1.000000
Parent Index: 66
Name: default
Index: 67
Child Count: 0
1.000000 0.000000 -0.000000 0.000000
0.000000 1.000000 -0.000000 0.000000
-0.000000 -0.000000 1.000000 -0.000000
0.000000 0.000000 -0.000000 1.000000
1.000000 0.000000 0.000000 0.000000
0.000000 1.000000 0.000000 0.000000
0.000000 0.000000 1.000000 0.000000
0.000000 0.000000 0.000000 1.000000
Parent Index: 66
Name: Eyes
Index: 68
Child Count: 0
1.000000 0.000000 -0.000000 0.000000
0.000000 1.000000 -0.000000 0.000000
-0.000000 -0.000000 1.000000 -0.000000
0.000000 0.000000 -0.000000 1.000000
1.000000 0.000000 0.000000 0.000000
0.000000 1.000000 0.000000 0.000000
0.000000 0.000000 1.000000 0.000000
0.000000 0.000000 0.000000 1.000000
Parent Index: 66
Name: Body
Index: 69
Child Count: 0
1.000000 0.000000 -0.000000 0.000000
0.000000 1.000000 -0.000000 0.000000
-0.000000 -0.000000 1.000000 -0.000000
0.000000 0.000000 -0.000000 1.000000
1.000000 0.000000 0.000000 0.000000
0.000000 1.000000 0.000000 0.000000
0.000000 0.000000 1.000000 0.000000
0.000000 0.000000 0.000000 1.000000
Parent Index: 66
Name: Shoes
Index: 70
Child Count: 0
1.000000 0.000000 -0.000000 0.000000
0.000000 1.000000 -0.000000 0.000000
-0.000000 -0.000000 1.000000 -0.000000
0.000000 0.000000 -0.000000 1.000000
1.000000 0.000000 0.000000 0.000000
0.000000 1.000000 0.000000 0.000000
0.000000 0.000000 1.000000 0.000000
0.000000 0.000000 0.000000 1.000000
Parent Index: 66
Name: Tops
Index: 71
Child Count: 0
1.000000 0.000000 -0.000000 0.000000
0.000000 1.000000 -0.000000 0.000000
-0.000000 -0.000000 1.000000 -0.000000
0.000000 0.000000 -0.000000 1.000000
1.000000 0.000000 0.000000 0.000000
0.000000 1.000000 0.000000 0.000000
0.000000 0.000000 1.000000 0.000000
0.000000 0.000000 0.000000 1.000000
Parent Index: 66
Name: Bottoms
Index: 72
Child Count: 0
1.000000 0.000000 -0.000000 0.000000
0.000000 1.000000 -0.000000 0.000000
-0.000000 -0.000000 1.000000 -0.000000
0.000000 0.000000 -0.000000 1.000000
1.000000 0.000000 0.000000 0.000000
0.000000 1.000000 0.000000 0.000000
0.000000 0.000000 1.000000 0.000000
0.000000 0.000000 0.000000 1.000000
Parent Index: 48
Name: mixamorig:Spine_$AssimpFbx$_Translation
Index: 73
Child Count: 1
Child Indicies: 74
1.000000 0.000000 -0.000000 0.000000
0.000000 1.000000 -0.000000 0.000000
-0.000000 -0.000000 1.000000 -0.000000
-0.049616 9.588539 0.916106 1.000000
1.000000 0.000000 0.000000 0.000000
0.000000 1.000000 0.000000 0.000000
0.000000 0.000000 1.000000 0.000000
0.000000 0.000000 0.000000 1.000000
Parent Index: 73
Name: mixamorig:Spine_$AssimpFbx$_PreRotation
Index: 74
Child Count: 1
Child Indicies: 75
0.999905 -0.013787 -0.000000 0.000000
0.013780 0.999395 0.031922 0.000000
-0.000440 -0.031919 0.999490 -0.000000
0.000000 0.000000 -0.000000 1.000000
1.000000 0.000000 0.000000 0.000000
0.000000 1.000000 0.000000 0.000000
0.000000 0.000000 1.000000 0.000000
0.000000 0.000000 0.000000 1.000000
Parent Index: 74
Name: mixamorig:Spine_$AssimpFbx$_Rotation
Index: 75
Child Count: 1
Child Indicies: 49
1.000000 0.000000 -0.000000 0.000000
0.000000 1.000000 -0.000000 0.000000
-0.000000 -0.000000 1.000000 -0.000000
0.000000 0.000000 -0.000000 1.000000
1.000000 0.000000 0.000000 0.000000
0.000000 1.000000 0.000000 0.000000
0.000000 0.000000 1.000000 0.000000
0.000000 0.000000 0.000000 1.000000
Parent Index: 49
Name: mixamorig:Spine1_$AssimpFbx$_Translation
Index: 76
Child Count: 1
Child Indicies: 77
1.000000 0.000000 -0.000000 0.000000
0.000000 1.000000 -0.000000 0.000000
-0.000000 -0.000000 1.000000 -0.000000
0.000000 9.872096 0.000000 1.000000
1.000000 0.000000 0.000000 0.000000
0.000000 1.000000 0.000000 0.000000
0.000000 0.000000 1.000000 0.000000
0.000000 0.000000 0.000000 1.000000
Parent Index: 76
Name: mixamorig:Spine1_$AssimpFbx$_PreRotation
Index: 77
Child Count: 1
Child Indicies: 78
0.999966 0.008274 -0.000000 0.000000
-0.008271 0.999664 -0.024568 0.000000
-0.000203 0.024567 0.999698 -0.000000
0.000000 0.000000 -0.000000 1.000000
1.000000 0.000000 0.000000 0.000000
0.000000 1.000000 0.000000 0.000000
0.000000 0.000000 1.000000 0.000000
0.000000 0.000000 0.000000 1.000000
Parent Index: 77
Name: mixamorig:Spine1_$AssimpFbx$_Rotation
Index: 78
Child Count: 1
Child Indicies: 50
1.000000 0.000000 -0.000000 0.000000
0.000000 1.000000 -0.000000 0.000000
-0.000000 -0.000000 1.000000 -0.000000
0.000000 0.000000 -0.000000 1.000000
1.000000 0.000000 0.000000 0.000000
0.000000 1.000000 0.000000 0.000000
0.000000 0.000000 1.000000 0.000000
0.000000 0.000000 0.000000 1.000000
Parent Index: 51
Name: mixamorig:Neck_$AssimpFbx$_Translation
Index: 79
Child Count: 1
Child Indicies: 80
1.000000 0.000000 -0.000000 0.000000
0.000000 1.000000 -0.000000 0.000000
-0.000000 -0.000000 1.000000 -0.000000
0.351641 15.365202 -1.378935 1.000000
1.000000 0.000000 0.000000 0.000000
0.000000 1.000000 0.000000 0.000000
0.000000 0.000000 1.000000 0.000000
0.000000 0.000000 0.000000 1.000000
Parent Index: 79
Name: mixamorig:Neck_$AssimpFbx$_PreRotation
Index: 80
Child Count: 1
Child Indicies: 81
0.999985 0.005516 -0.000305 0.000000
-0.005518 0.999958 -0.007355 0.000000
0.000264 0.007356 0.999973 -0.000000
0.000000 0.000000 -0.000000 1.000000
1.000000 0.000000 0.000000 0.000000
0.000000 1.000000 0.000000 0.000000
0.000000 0.000000 1.000000 0.000000
0.000000 0.000000 0.000000 1.000000
Parent Index: 80
Name: mixamorig:Neck_$AssimpFbx$_Rotation
Index: 81
Child Count: 1
Child Indicies: 54
1.000000 0.000000 -0.000000 0.000000
0.000000 1.000000 -0.000000 0.000000
-0.000000 -0.000000 1.000000 -0.000000
0.000000 0.000000 -0.000000 1.000000
1.000000 0.000000 0.000000 0.000000
0.000000 1.000000 0.000000 0.000000
0.000000 0.000000 1.000000 0.000000
0.000000 0.000000 0.000000 1.000000
Parent Index: 0
Name: mixamorig:HeadTop_End
Index: 82
Child Count: 0
1.000000 0.000000 -0.000000 0.000000
0.000000 1.000000 -0.000000 0.000000
-0.000000 -0.000000 1.000000 -0.000000
-0.044443 19.115612 -6.919116 1.000000
1.000000 0.000000 0.000000 0.000000
0.000000 1.000000 0.000000 0.000000
0.000000 0.000000 1.000000 0.000000
0.000000 0.000000 0.000000 1.000000
Parent Index: 51
Name: mixamorig:LeftShoulder_$AssimpFbx$_Translation
Index: 83
Child Count: 1
Child Indicies: 84
1.000000 0.000000 -0.000000 0.000000
0.000000 1.000000 -0.000000 0.000000
-0.000000 -0.000000 1.000000 -0.000000
5.937644 9.512880 -1.325807 1.000000
1.000000 0.000000 0.000000 0.000000
0.000000 1.000000 0.000000 0.000000
0.000000 0.000000 1.000000 0.000000
0.000000 0.000000 0.000000 1.000000
Parent Index: 83
Name: mixamorig:LeftShoulder_$AssimpFbx$_PreRotation
Index: 84
Child Count: 1
Child Indicies: 85
-0.184767 0.247868 0.951012 0.000000
0.982763 0.052705 0.177199 0.000000
-0.006201 0.967359 -0.253333 -0.000000
0.000000 0.000000 -0.000000 1.000000
1.000000 0.000000 0.000000 0.000000
0.000000 1.000000 0.000000 0.000000
0.000000 0.000000 1.000000 0.000000
0.000000 0.000000 0.000000 1.000000
Parent Index: 84
Name: mixamorig:LeftShoulder_$AssimpFbx$_Rotation
Index: 85
Child Count: 1
Child Indicies: 56
1.000000 0.000000 -0.000000 0.000000
0.000000 1.000000 -0.000000 0.000000
-0.000000 -0.000000 1.000000 -0.000000
0.000000 0.000000 -0.000000 1.000000
1.000000 0.000000 0.000000 0.000000
0.000000 1.000000 0.000000 0.000000
0.000000 0.000000 1.000000 0.000000
0.000000 0.000000 0.000000 1.000000
Parent Index: 56
Name: mixamorig:LeftArm_$AssimpFbx$_Translation
Index: 86
Child Count: 1
Child Indicies: 87
1.000000 0.000000 -0.000000 0.000000
0.000000 1.000000 -0.000000 0.000000
-0.000000 -0.000000 1.000000 -0.000000
0.000000 10.506651 0.000000 1.000000
1.000000 0.000000 0.000000 0.000000
0.000000 1.000000 0.000000 0.000000
0.000000 0.000000 1.000000 0.000000
0.000000 0.000000 0.000000 1.000000
Parent Index: 86
Name: mixamorig:LeftArm_$AssimpFbx$_PreRotation
Index: 87
Child Count: 1
Child Indicies: 88
0.979056 0.203591 -0.000000 0.000000
-0.203538 0.978803 0.022731 0.000000
0.004628 -0.022255 0.999742 -0.000000
0.000000 0.000000 -0.000000 1.000000
1.000000 0.000000 0.000000 0.000000
0.000000 1.000000 0.000000 0.000000
0.000000 0.000000 1.000000 0.000000
0.000000 0.000000 0.000000 1.000000
Parent Index: 87
Name: mixamorig:LeftArm_$AssimpFbx$_Rotation
Index: 88
Child Count: 1
Child Indicies: 65
1.000000 0.000000 -0.000000 0.000000
0.000000 1.000000 -0.000000 0.000000
-0.000000 -0.000000 1.000000 -0.000000
0.000000 0.000000 -0.000000 1.000000
1.000000 0.000000 0.000000 0.000000
0.000000 1.000000 0.000000 0.000000
0.000000 0.000000 1.000000 0.000000
0.000000 0.000000 0.000000 1.000000
Parent Index: 65
Name: mixamorig:LeftForeArm_$AssimpFbx$_Translation
Index: 89
Child Count: 1
Child Indicies: 90
1.000000 0.000000 -0.000000 0.000000
0.000000 1.000000 -0.000000 0.000000
-0.000000 -0.000000 1.000000 -0.000000
0.000000 29.616583 -0.000000 1.000000
1.000000 0.000000 0.000000 0.000000
0.000000 1.000000 0.000000 0.000000
0.000000 0.000000 1.000000 0.000000
0.000000 0.000000 0.000000 1.000000
Parent Index: 89
Name: mixamorig:LeftForeArm_$AssimpFbx$_PreRotation
Index: 90
Child Count: 1
Child Indicies: 91
0.995949 0.089916 -0.000000 0.000000
-0.089889 0.995650 0.024507 0.000000
0.002204 -0.024408 0.999700 -0.000000
0.000000 0.000000 -0.000000 1.000000
1.000000 0.000000 0.000000 0.000000
0.000000 1.000000 0.000000 0.000000
0.000000 0.000000 1.000000 0.000000
0.000000 0.000000 0.000000 1.000000
Parent Index: 90
Name: mixamorig:LeftForeArm_$AssimpFbx$_Rotation
Index: 91
Child Count: 1
Child Indicies: 26
1.000000 0.000000 -0.000000 0.000000
0.000000 1.000000 -0.000000 0.000000
-0.000000 -0.000000 1.000000 -0.000000
0.000000 0.000000 -0.000000 1.000000
1.000000 0.000000 0.000000 0.000000
0.000000 1.000000 0.000000 0.000000
0.000000 0.000000 1.000000 0.000000
0.000000 0.000000 0.000000 1.000000
Parent Index: 26
Name: mixamorig:LeftHand_$AssimpFbx$_Translation
Index: 92
Child Count: 1
Child Indicies: 93
1.000000 0.000000 -0.000000 0.000000
0.000000 1.000000 -0.000000 0.000000
-0.000000 -0.000000 1.000000 -0.000000
-0.000000 26.368013 -0.000000 1.000000
1.000000 0.000000 0.000000 0.000000
0.000000 1.000000 0.000000 0.000000
0.000000 0.000000 1.000000 0.000000
0.000000 0.000000 0.000000 1.000000
Parent Index: 92
Name: mixamorig:LeftHand_$AssimpFbx$_PreRotation
Index: 93
Child Count: 1
Child Indicies: 94
0.941878 -0.093146 -0.322783 0.000000
0.079229 0.995281 -0.056019 0.000000
0.326478 0.027189 0.944814 -0.000000
0.000000 0.000000 -0.000000 1.000000
1.000000 0.000000 0.000000 0.000000
0.000000 1.000000 0.000000 0.000000
0.000000 0.000000 1.000000 0.000000
0.000000 0.000000 0.000000 1.000000
Parent Index: 93
Name: mixamorig:LeftHand_$AssimpFbx$_Rotation
Index: 94
Child Count: 1
Child Indicies: 27
1.000000 0.000000 -0.000000 0.000000
0.000000 1.000000 -0.000000 0.000000
-0.000000 -0.000000 1.000000 -0.000000
0.000000 0.000000 -0.000000 1.000000
1.000000 0.000000 0.000000 0.000000
0.000000 1.000000 0.000000 0.000000
0.000000 0.000000 1.000000 0.000000
0.000000 0.000000 0.000000 1.000000
Parent Index: 27
Name: mixamorig:LeftHandMiddle1_$AssimpFbx$_Translation
Index: 95
Child Count: 1
Child Indicies: 96
1.000000 0.000000 -0.000000 0.000000
0.000000 1.000000 -0.000000 0.000000
-0.000000 -0.000000 1.000000 -0.000000
-0.995406 13.472141 0.042488 1.000000
1.000000 0.000000 0.000000 0.000000
0.000000 1.000000 0.000000 0.000000
0.000000 0.000000 1.000000 0.000000
0.000000 0.000000 0.000000 1.000000
Parent Index: 95
Name: mixamorig:LeftHandMiddle1_$AssimpFbx$_PreRotation
Index: 96
Child Count: 1
Child Indicies: 97
0.999505 0.031448 -0.000000 0.000000
-0.031447 0.999484 0.006582 0.000000
0.000207 -0.006579 0.999978 -0.000000
0.000000 0.000000 -0.000000 1.000000
1.000000 0.000000 0.000000 0.000000
0.000000 1.000000 0.000000 0.000000
0.000000 0.000000 1.000000 0.000000
0.000000 0.000000 0.000000 1.000000
Parent Index: 96
Name: mixamorig:LeftHandMiddle1_$AssimpFbx$_Rotation
Index: 97
Child Count: 1
Child Indicies: 28
1.000000 0.000000 -0.000000 0.000000
0.000000 1.000000 -0.000000 0.000000
-0.000000 -0.000000 1.000000 -0.000000
0.000000 0.000000 -0.000000 1.000000
1.000000 0.000000 0.000000 0.000000
0.000000 1.000000 0.000000 0.000000
0.000000 0.000000 1.000000 0.000000
0.000000 0.000000 0.000000 1.000000
Parent Index: 28
Name: mixamorig:LeftHandMiddle2_$AssimpFbx$_Translation
Index: 98
Child Count: 1
Child Indicies: 99
1.000000 0.000000 -0.000000 0.000000
0.000000 1.000000 -0.000000 0.000000
-0.000000 -0.000000 1.000000 -0.000000
0.000087 3.633737 -0.000000 1.000000
1.000000 0.000000 0.000000 0.000000
0.000000 1.000000 0.000000 0.000000
0.000000 0.000000 1.000000 0.000000
0.000000 0.000000 0.000000 1.000000
Parent Index: 98
Name: mixamorig:LeftHandMiddle2_$AssimpFbx$_PreRotation
Index: 99
Child Count: 1
Child Indicies: 100
1.000000 0.000000 -0.000000 0.000000
0.000000 0.999691 -0.024855 0.000000
-0.000000 0.024855 0.999691 -0.000000
0.000000 0.000000 -0.000000 1.000000
1.000000 0.000000 0.000000 0.000000
0.000000 1.000000 0.000000 0.000000
0.000000 0.000000 1.000000 0.000000
0.000000 0.000000 0.000000 1.000000
Parent Index: 99
Name: mixamorig:LeftHandMiddle2_$AssimpFbx$_Rotation
Index: 100
Child Count: 1
Child Indicies: 40
1.000000 0.000000 -0.000000 0.000000
0.000000 1.000000 -0.000000 0.000000
-0.000000 -0.000000 1.000000 -0.000000
0.000000 0.000000 -0.000000 1.000000
1.000000 0.000000 0.000000 0.000000
0.000000 1.000000 0.000000 0.000000
0.000000 0.000000 1.000000 0.000000
0.000000 0.000000 0.000000 1.000000
Parent Index: 40
