BoneCount: 208
Parent Index: 52
Name: mixamorig1:Hips
Index: 0
Child Count: 3
Child Indicies: 54
Child Indicies: 184
Child Indicies: 196
1.000000 0.000000 -0.000000 0.000000
0.000000 1.000000 -0.000000 0.000000
-0.000000 -0.000000 1.000000 -0.000000
0.000000 98.880119 0.444275 1.000000
1.000000 0.000000 -0.000000 0.000000
0.000000 1.000000 -0.000000 0.000000
-0.000000 -0.000000 1.000000 -0.000000
0.000000 -98.880119 -0.444275 1.000000
Parent Index: 56
Name: mixamorig1:Spine
Index: 1
Child Count: 1
Child Indicies: 2
1.000000 0.000000 -0.000000 0.000000
0.000000 1.000000 -0.000000 0.000000
-0.000000 -0.000000 1.000000 -0.000000
0.000000 0.000000 -0.000000 1.000000
1.000000 0.000000 -0.000000 0.000000
0.000000 0.996264 -0.086360 0.000000
-0.000000 0.086360 0.996264 -0.000000
0.000000 -109.824211 8.096632 1.000000
Parent Index: 1
Name: mixamorig1:Spine1
Index: 2
Child Count: 1
Child Indicies: 3
1.000000 0.000000 -0.000000 0.000000
0.000000 1.000000 -0.000000 0.000000
-0.000000 -0.000000 1.000000 -0.000000
0.000000 13.154323 -0.000000 1.000000
1.000000 0.000000 -0.000000 0.000000
0.000000 0.996264 -0.086360 0.000000
-0.000000 0.086360 0.996264 -0.000000
0.000000 -122.978531 8.096642 1.000000
Parent Index: 2
Name: mixamorig1:Spine2
Index: 3
Child Count: 3
Child Indicies: 57
Child Indicies: 60
Child Indicies: 122
1.000000 0.000000 -0.000000 0.000000
0.000000 1.000000 -0.000000 0.000000
-0.000000 -0.000000 1.000000 -0.000000
0.000000 15.033505 0.000000 1.000000
1.000000 0.000000 -0.000000 0.000000
0.000000 0.996264 -0.086360 0.000000
-0.000000 0.086360 0.996264 -0.000000
0.000000 -138.012039 8.096642 1.000000
Parent Index: 58
Name: mixamorig1:Neck
Index: 4
Child Count: 1
Child Indicies: 5
1.000000 0.000000 -0.000000 0.000000
0.000000 1.000000 -0.000000 0.000000
-0.000000 -0.000000 1.000000 -0.000000
0.000000 0.000000 -0.000000 1.000000
1.000000 0.000000 -0.000000 0.000000
0.000000 1.000000 -0.000000 0.000000
-0.000000 0.000000 1.000000 -0.000000
0.000000 -155.045166 -5.312857 1.000000
Parent Index: 4
Name: mixamorig1:Head
Index: 5
Child Count: 1
Child Indicies: 59
1.000000 0.000000 -0.000000 0.000000
0.000000 1.000000 -0.000000 0.000000
-0.000000 -0.000000 1.000000 -0.000000
0.000000 8.395081 -2.751770 1.000000
1.000000 0.000000 -0.000000 0.000000
0.000000 1.000000 -0.000000 0.000000
-0.000000 0.000000 1.000000 -0.000000
0.000000 -163.440247 -2.561086 1.000000
Parent Index: 62
Name: mixamorig1:LeftShoulder
Index: 6
Child Count: 1
Child Indicies: 63
1.000000 0.000000 -0.000000 0.000000
0.000000 1.000000 -0.000000 0.000000
-0.000000 -0.000000 1.000000 -0.000000
0.000000 0.000000 -0.000000 1.000000
-0.027899 0.971603 0.234968 0.000000
-0.086553 -0.236525 0.967763 0.000000
0.995857 0.006663 0.090694 -0.000000
8.124869 29.149637 -150.491074 1.000000
Parent Index: 65
Name: mixamorig1:LeftArm
Index: 7
Child Count: 1
Child Indicies: 66
1.000000 0.000000 -0.000000 0.000000
0.000000 1.000000 -0.000000 0.000000
-0.000000 -0.000000 1.000000 -0.000000
0.000000 0.000000 -0.000000 1.000000
-0.081690 0.990716 0.108668 0.000000
-0.073314 -0.114710 0.990690 0.000000
0.993958 0.072963 0.082004 -0.000000
7.333852 -4.962025 -151.104630 1.000000
Parent Index: 68
Name: mixamorig1:LeftForeArm
Index: 8
Child Count: 1
Child Indicies: 69
1.000000 0.000000 -0.000000 0.000000
0.000000 1.000000 -0.000000 0.000000
-0.000000 -0.000000 1.000000 -0.000000
0.000000 0.000000 -0.000000 1.000000
0.159941 0.987021 0.014429 0.000000
-0.098843 0.001469 0.995102 0.000000
0.982166 -0.160584 0.097795 -0.000000
0.451068 -42.867146 -147.684540 1.000000
Parent Index: 71
Name: mixamorig1:LeftHand
Index: 9
Child Count: 5
Child Indicies: 72
Child Indicies: 82
Child Indicies: 92
Child Indicies: 102
Child Indicies: 112
1.000000 0.000000 -0.000000 0.000000
0.000000 1.000000 -0.000000 0.000000
-0.000000 -0.000000 1.000000 -0.000000
0.000000 0.000000 -0.000000 1.000000
0.173703 0.940675 0.291476 0.000000
-0.257024 -0.242414 0.935508 0.000000
0.950666 -0.237417 0.199668 -0.000000
22.825691 -30.767471 -158.951736 1.000000
Parent Index: 74
Name: mixamorig1:LeftHandThumb1
Index: 10
Child Count: 1
Child Indicies: 75
1.000000 0.000000 -0.000000 0.000000
0.000000 1.000000 -0.000000 0.000000
-0.000000 -0.000000 1.000000 -0.000000
0.000000 0.000000 -0.000000 1.000000
0.763252 0.460713 0.452979 0.000000
-0.353267 -0.289439 0.889622 0.000000
0.540971 -0.839028 -0.058160 -0.000000
-4.100368 7.413459 -163.013290 1.000000
Parent Index: 77
Name: mixamorig1:LeftHandThumb2
Index: 11
Child Count: 1
Child Indicies: 78
1.000000 0.000000 -0.000000 0.000000
0.000000 1.000000 -0.000000 0.000000
-0.000000 -0.000000 1.000000 -0.000000
0.000000 0.000000 -0.000000 1.000000
0.763252 0.410495 0.498940 0.000000
-0.353267 -0.381436 0.854230 0.000000
0.540971 -0.828252 -0.146117 -0.000000
-4.232056 20.859312 -161.716232 1.000000
Parent Index: 80
Name: mixamorig1:LeftHandThumb3
Index: 12
Child Count: 1
Child Indicies: 81
1.000000 0.000000 -0.000000 0.000000
0.000000 1.000000 -0.000000 0.000000
-0.000000 -0.000000 1.000000 -0.000000
0.000000 0.000000 -0.000000 1.000000
0.763252 0.426287 0.485517 0.000000
-0.353267 -0.353842 0.866024 0.000000
0.540971 -0.832512 -0.119477 -0.000000
-4.409592 12.101601 -162.187790 1.000000
Parent Index: 84
Name: mixamorig1:LeftHandIndex1
Index: 13
Child Count: 1
Child Indicies: 85
1.000000 0.000000 -0.000000 0.000000
0.000000 1.000000 -0.000000 0.000000
-0.000000 -0.000000 1.000000 -0.000000
0.000000 0.000000 -0.000000 1.000000
0.389181 0.857344 0.336897 0.000000
-0.306650 -0.224290 0.925019 0.000000
0.868622 -0.463309 0.175615 -0.000000
15.724148 -38.384357 -161.199142 1.000000
Parent Index: 87
Name: mixamorig1:LeftHandIndex2
Index: 14
Child Count: 1
Child Indicies: 88
1.000000 0.000000 -0.000000 0.000000
0.000000 1.000000 -0.000000 0.000000
-0.000000 -0.000000 1.000000 -0.000000
0.000000 0.000000 -0.000000 1.000000
0.389181 0.664096 0.638369 0.000000
-0.306650 -0.560077 0.769597 0.000000
0.868622 -0.495268 -0.014327 -0.000000
15.635456 23.077053 -164.855667 1.000000
Parent Index: 90
Name: mixamorig1:LeftHandIndex3
Index: 15
Child Count: 1
Child Indicies: 91
1.000000 0.000000 -0.000000 0.000000
0.000000 1.000000 -0.000000 0.000000
-0.000000 -0.000000 1.000000 -0.000000
0.000000 0.000000 -0.000000 1.000000
0.389181 0.514088 0.764364 0.000000
-0.306650 -0.710152 0.633759 0.000000
0.868622 -0.481039 -0.118733 -0.000000
15.658764 54.683918 -156.838821 1.000000
Parent Index: 94
Name: mixamorig1:LeftHandMiddle1
Index: 16
Child Count: 1
Child Indicies: 95
1.000000 0.000000 -0.000000 0.000000
0.000000 1.000000 -0.000000 0.000000
-0.000000 -0.000000 1.000000 -0.000000
0.000000 0.000000 -0.000000 1.000000
0.256173 0.920962 0.293607 0.000000
-0.277445 -0.220908 0.934999 0.000000
0.925959 -0.320981 0.198926 -0.000000
20.091667 -43.968632 -159.135147 1.000000
Parent Index: 97
Name: mixamorig1:LeftHandMiddle2
Index: 17
Child Count: 1
Child Indicies: 98
1.000000 0.000000 -0.000000 0.000000
0.000000 1.000000 -0.000000 0.000000
-0.000000 -0.000000 1.000000 -0.000000
0.000000 0.000000 -0.000000 1.000000
0.256173 0.652511 0.713165 0.000000
-0.277445 -0.657107 0.700881 0.000000
0.925959 -0.377411 0.012704 -0.000000
20.042549 38.202099 -161.563904 1.000000
Parent Index: 100
Name: mixamorig1:LeftHandMiddle3
Index: 18
Child Count: 1
Child Indicies: 101
1.000000 0.000000 -0.000000 0.000000
0.000000 1.000000 -0.000000 0.000000
-0.000000 -0.000000 1.000000 -0.000000
0.000000 0.000000 -0.000000 1.000000
0.256172 0.606570 0.752627 0.000000
-0.277446 -0.699708 0.658356 0.000000
0.925959 -0.377466 -0.010956 -0.000000
20.065916 45.141212 -159.049225 1.000000
Parent Index: 104
Name: mixamorig1:LeftHandRing1
Index: 19
Child Count: 1
Child Indicies: 105
1.000000 0.000000 -0.000000 0.000000
0.000000 1.000000 -0.000000 0.000000
-0.000000 -0.000000 1.000000 -0.000000
0.000000 0.000000 -0.000000 1.000000
0.049451 0.933514 0.355115 0.000000
-0.223189 -0.336230 0.914951 0.000000
0.973520 -0.124503 0.191723 -0.000000
27.016514 -28.660332 -161.338989 1.000000
Parent Index: 107
Name: mixamorig1:LeftHandRing2
Index: 20
Child Count: 1
Child Indicies: 108
1.000000 0.000000 -0.000000 0.000000
0.000000 1.000000 -0.000000 0.000000
-0.000000 -0.000000 1.000000 -0.000000
0.000000 0.000000 -0.000000 1.000000
0.049451 0.729283 0.682423 0.000000
-0.223189 -0.657912 0.719262 0.000000
0.973520 -0.187878 0.130233 -0.000000
27.043102 31.860123 -161.297241 1.000000
Parent Index: 110
Name: mixamorig1:LeftHandRing3
Index: 21
Child Count: 1
Child Indicies: 111
1.000000 0.000000 -0.000000 0.000000
0.000000 1.000000 -0.000000 0.000000
-0.000000 -0.000000 1.000000 -0.000000
0.000000 0.000000 -0.000000 1.000000
0.049451 0.718903 0.693349 0.000000
-0.223189 -0.668690 0.709254 0.000000
0.973520 -0.189821 0.127383 -0.000000
27.029053 31.461590 -160.840851 1.000000
Parent Index: 114
Name: mixamorig1:LeftHandPinky1
Index: 22
Child Count: 1
Child Indicies: 115
1.000000 0.000000 -0.000000 0.000000
0.000000 1.000000 -0.000000 0.000000
-0.000000 -0.000000 1.000000 -0.000000
0.000000 0.000000 -0.000000 1.000000
-0.010496 0.871872 0.489621 0.000000
-0.205591 -0.481069 0.852235 0.000000
0.978582 -0.091717 0.184298 -0.000000
27.023600 -1.582016 -163.335114 1.000000
Parent Index: 117
Name: mixamorig1:LeftHandPinky2
Index: 23
Child Count: 1
Child Indicies: 118
1.000000 0.000000 -0.000000 0.000000
0.000000 1.000000 -0.000000 0.000000
-0.000000 -0.000000 1.000000 -0.000000
0.000000 0.000000 -0.000000 1.000000
-0.010496 0.849158 0.528034 0.000000
-0.205591 -0.518614 0.829923 0.000000
0.978582 -0.099848 0.180023 -0.000000
27.011658 2.859985 -163.370224 1.000000
Parent Index: 120
Name: mixamorig1:LeftHandPinky3
Index: 24
Child Count: 1
Child Indicies: 121
1.000000 0.000000 -0.000000 0.000000
0.000000 1.000000 -0.000000 0.000000
-0.000000 -0.000000 1.000000 -0.000000
0.000000 0.000000 -0.000000 1.000000
-0.010496 0.875869 0.482434 0.000000
-0.205591 -0.474044 0.856163 0.000000
0.978582 -0.090198 0.185047 -0.000000
27.010727 -8.304710 -163.159332 1.000000
Parent Index: 124
Name: mixamorig1:RightShoulder
Index: 25
Child Count: 1
Child Indicies: 125
1.000000 0.000000 -0.000000 0.000000
0.000000 1.000000 -0.000000 0.000000
-0.000000 -0.000000 1.000000 -0.000000
0.000000 0.000000 -0.000000 1.000000
-0.014232 -0.971603 -0.236190 0.000000
0.086522 -0.236525 0.967766 0.000000
-0.996148 -0.006662 0.087431 -0.000000
-8.119452 29.220379 -150.474121 1.000000
Parent Index: 127
Name: mixamorig1:RightArm
Index: 26
Child Count: 1
Child Indicies: 128
1.000000 0.000000 -0.000000 0.000000
0.000000 1.000000 -0.000000 0.000000
-0.000000 -0.000000 1.000000 -0.000000
0.000000 0.000000 -0.000000 1.000000
-0.091683 -0.989888 -0.108238 0.000000
0.067380 -0.114614 0.991122 0.000000
-0.993506 0.083576 0.077207 -0.000000
-6.967202 -4.991032 -151.110413 1.000000
Parent Index: 130
Name: mixamorig1:RightForeArm
Index: 27
Child Count: 1
Child Indicies: 131
1.000000 0.000000 -0.000000 0.000000
0.000000 1.000000 -0.000000 0.000000
-0.000000 -0.000000 1.000000 -0.000000
0.000000 0.000000 -0.000000 1.000000
0.157043 -0.987502 -0.013327 0.000000
0.093735 0.001470 0.995596 0.000000
-0.983133 -0.157600 0.092794 -0.000000
0.119524 -42.919300 -147.667191 1.000000
Parent Index: 133
Name: mixamorig1:RightHand
Index: 28
Child Count: 5
Child Indicies: 134
Child Indicies: 144
Child Indicies: 154
Child Indicies: 164
Child Indicies: 174
1.000000 0.000000 -0.000000 0.000000
0.000000 1.000000 -0.000000 0.000000
-0.000000 -0.000000 1.000000 -0.000000
0.000000 0.000000 -0.000000 1.000000
0.171775 -0.942796 -0.285708 0.000000
0.263313 -0.235528 0.935517 0.000000
-0.949294 -0.235929 0.207793 -0.000000
-23.869732 -31.930168 -158.569046 1.000000
Parent Index: 136
Name: mixamorig1:RightHandThumb1
Index: 29
Child Count: 1
Child Indicies: 137
1.000000 0.000000 -0.000000 0.000000
0.000000 1.000000 -0.000000 0.000000
-0.000000 -0.000000 1.000000 -0.000000
0.000000 0.000000 -0.000000 1.000000
0.732082 -0.498435 -0.464349 0.000000
0.352990 -0.305433 0.884369 0.000000
-0.582628 -0.811341 -0.047660 -0.000000
1.864082 7.006378 -163.078888 1.000000
Parent Index: 139
Name: mixamorig1:RightHandThumb2
Index: 30
Child Count: 1
Child Indicies: 140
1.000000 0.000000 -0.000000 0.000000
0.000000 1.000000 -0.000000 0.000000
-0.000000 -0.000000 1.000000 -0.000000
0.000000 0.000000 -0.000000 1.000000
0.732082 -0.441716 -0.518598 0.000000
0.352990 -0.405128 0.843368 0.000000
-0.582628 -0.800474 -0.140666 -0.000000
1.850094 22.046150 -161.615738 1.000000
Parent Index: 142
Name: mixamorig1:RightHandThumb3
Index: 31
Child Count: 1
Child Indicies: 143
1.000000 0.000000 -0.000000 0.000000
0.000000 1.000000 -0.000000 0.000000
-0.000000 -0.000000 1.000000 -0.000000
0.000000 0.000000 -0.000000 1.000000
0.732082 -0.459648 -0.502772 0.000000
0.352990 -0.375273 0.857070 0.000000
-0.582628 -0.804918 -0.112480 -0.000000
1.789063 12.869049 -162.167419 1.000000
Parent Index: 146
Name: mixamorig1:RightHandIndex1
Index: 32
Child Count: 1
Child Indicies: 147
1.000000 0.000000 -0.000000 0.000000
0.000000 1.000000 -0.000000 0.000000
-0.000000 -0.000000 1.000000 -0.000000
0.000000 0.000000 -0.000000 1.000000
0.388657 -0.842544 -0.372916 0.000000
0.311314 -0.260851 0.913806 0.000000
-0.867197 -0.471251 0.160915 -0.000000
-16.424715 -32.030846 -162.668121 1.000000
Parent Index: 149
Name: mixamorig1:RightHandIndex2
Index: 33
Child Count: 1
Child Indicies: 150
1.000000 0.000000 -0.000000 0.000000
0.000000 1.000000 -0.000000 0.000000
-0.000000 -0.000000 1.000000 -0.000000
0.000000 0.000000 -0.000000 1.000000
0.388657 -0.674725 -0.627449 0.000000
0.311314 -0.544774 0.778656 0.000000
-0.867196 -0.497964 -0.001678 -0.000000
-16.351370 20.026915 -165.175095 1.000000
Parent Index: 152
Name: mixamorig1:RightHandIndex3
Index: 34
Child Count: 1
Child Indicies: 153
1.000000 0.000000 -0.000000 0.000000
0.000000 1.000000 -0.000000 0.000000
-0.000000 -0.000000 1.000000 -0.000000
0.000000 0.000000 -0.000000 1.000000
0.388657 -0.617919 -0.683464 0.000000
0.311314 -0.610089 0.728612 0.000000
-0.867196 -0.495952 -0.044748 -0.000000
-16.379726 31.495918 -163.061798 1.000000
Parent Index: 156
Name: mixamorig1:RightHandMiddle1
Index: 35
Child Count: 1
Child Indicies: 157
1.000000 0.000000 -0.000000 0.000000
0.000000 1.000000 -0.000000 0.000000
-0.000000 -0.000000 1.000000 -0.000000
0.000000 0.000000 -0.000000 1.000000
0.233629 -0.905827 -0.353406 0.000000
0.278285 -0.285968 0.916941 0.000000
-0.931652 -0.312571 0.185268 -0.000000
-22.093634 -33.469944 -161.649734 1.000000
Parent Index: 159
Name: mixamorig1:RightHandMiddle2
Index: 36
Child Count: 1
Child Indicies: 160
1.000000 0.000000 -0.000000 0.000000
0.000000 1.000000 -0.000000 0.000000
-0.000000 -0.000000 1.000000 -0.000000
0.000000 0.000000 -0.000000 1.000000
0.233629 -0.654425 -0.719128 0.000000
0.278285 -0.663653 0.694350 0.000000
-0.931652 -0.362343 0.027068 -0.000000
-22.053001 38.926586 -161.135834 1.000000
Parent Index: 162
Name: mixamorig1:RightHandMiddle3
Index: 37
Child Count: 1
Child Indicies: 163
1.000000 0.000000 -0.000000 0.000000
0.000000 1.000000 -0.000000 0.000000
-0.000000 -0.000000 1.000000 -0.000000
0.000000 0.000000 -0.000000 1.000000
0.233629 -0.584934 -0.776705 0.000000
0.278285 -0.725170 0.629830 0.000000
-0.931652 -0.363292 -0.006642 -0.000000
-22.070347 50.730354 -157.109131 1.000000
Parent Index: 166
Name: mixamorig1:RightHandRing1
Index: 38
Child Count: 1
Child Indicies: 167
1.000000 0.000000 -0.000000 0.000000
0.000000 1.000000 -0.000000 0.000000
-0.000000 -0.000000 1.000000 -0.000000
0.000000 0.000000 -0.000000 1.000000
0.076751 -0.886752 -0.455828 0.000000
0.238472 -0.427581 0.871955 0.000000
-0.968112 -0.175626 0.178649 -0.000000
-26.942636 -11.626411 -163.757141 1.000000
Parent Index: 169
Name: mixamorig1:RightHandRing2
Index: 39
Child Count: 1
Child Indicies: 170
1.000000 0.000000 -0.000000 0.000000
0.000000 1.000000 -0.000000 0.000000
-0.000000 -0.000000 1.000000 -0.000000
0.000000 0.000000 -0.000000 1.000000
0.076751 -0.735792 -0.672844 0.000000
0.238472 -0.641701 0.728938 0.000000
-0.968112 -0.216401 0.126215 -0.000000
-26.950941 29.072575 -161.804230 1.000000
Parent Index: 172
Name: mixamorig1:RightHandRing3
Index: 40
Child Count: 1
Child Indicies: 173
1.000000 0.000000 -0.000000 0.000000
0.000000 1.000000 -0.000000 0.000000
-0.000000 -0.000000 1.000000 -0.000000
0.000000 0.000000 -0.000000 1.000000
0.076751 -0.811266 -0.579618 0.000000
0.238472 -0.549524 0.800721 0.000000
-0.968112 -0.199679 0.151288 -0.000000
-26.942392 6.537551 -163.774368 1.000000
Parent Index: 176
Name: mixamorig1:RightHandPinky1
Index: 41
Child Count: 1
Child Indicies: 177
1.000000 0.000000 -0.000000 0.000000
0.000000 1.000000 -0.000000 0.000000
-0.000000 -0.000000 1.000000 -0.000000
0.000000 0.000000 -0.000000 1.000000
-0.009676 -0.883588 -0.468165 0.000000
0.214004 -0.459169 0.862187 0.000000
-0.976785 -0.091846 0.193535 -0.000000
-28.090530 -5.868149 -163.035721 1.000000
Parent Index: 179
Name: mixamorig1:RightHandPinky2
Index: 42
Child Count: 1
Child Indicies: 180
1.000000 0.000000 -0.000000 0.000000
0.000000 1.000000 -0.000000 0.000000
-0.000000 -0.000000 1.000000 -0.000000
0.000000 0.000000 -0.000000 1.000000
-0.009676 -0.832898 -0.553341 0.000000
0.214004 -0.542271 0.812493 0.000000
-0.976785 -0.110555 0.183491 -0.000000
-28.066456 7.570297 -163.087418 1.000000
Parent Index: 182
Name: mixamorig1:RightHandPinky3
Index: 43
Child Count: 1
Child Indicies: 183
1.000000 0.000000 -0.000000 0.000000
0.000000 1.000000 -0.000000 0.000000
-0.000000 -0.000000 1.000000 -0.000000
0.000000 0.000000 -0.000000 1.000000
-0.009676 -0.947561 -0.319428 0.000000
0.214004 -0.314004 0.924989 0.000000
-0.976785 -0.059408 0.205820 -0.000000
-28.058285 -37.212185 -158.866699 1.000000
Parent Index: 186
Name: mixamorig1:LeftUpLeg
Index: 44
Child Count: 1
Child Indicies: 187
1.000000 0.000000 -0.000000 0.000000
0.000000 1.000000 -0.000000 0.000000
-0.000000 -0.000000 1.000000 -0.000000
0.000000 0.000000 -0.000000 1.000000
-0.994750 0.102334 0.000000 0.000000
-0.101722 -0.988806 0.109160 0.000000
0.011171 0.108587 0.994024 -0.000000
19.731564 90.511940 -10.397004 1.000000
Parent Index: 189
Name: mixamorig1:LeftLeg
Index: 45
Child Count: 1
Child Indicies: 190
1.000000 0.000000 -0.000000 0.000000
0.000000 1.000000 -0.000000 0.000000
-0.000000 -0.000000 1.000000 -0.000000
0.000000 0.000000 -0.000000 1.000000
-0.994338 0.106236 0.002476 0.000000
-0.105630 -0.990671 0.086102 0.000000
0.011600 0.085353 0.996283 -0.000000
19.917431 47.218544 -9.299403 1.000000
Parent Index: 192
Name: mixamorig1:LeftFoot
Index: 46
Child Count: 1
Child Indicies: 193
1.000000 0.000000 -0.000000 0.000000
0.000000 1.000000 -0.000000 0.000000
-0.000000 -0.000000 1.000000 -0.000000
0.000000 0.000000 -0.000000 1.000000
-0.938584 0.335512 -0.080565 0.000000
-0.128249 -0.555975 -0.821245 0.000000
-0.320330 -0.760476 0.564858 -0.000000
21.876259 5.634327 5.100092 1.000000
Parent Index: 194
Name: mixamorig1:LeftToeBase
Index: 47
Child Count: 1
Child Indicies: 195
1.000000 0.000000 -0.000000 0.000000
0.000000 1.000000 -0.000000 0.000000
-0.000000 -0.000000 1.000000 -0.000000
0.000000 0.000000 -0.000000 1.000000
-0.921545 0.387119 0.029883 0.000000
-0.026251 0.014667 -0.999548 0.000000
-0.387383 -0.921913 -0.003354 -0.000000
21.082729 -13.839714 -0.136950 1.000000
Parent Index: 198
Name: mixamorig1:RightUpLeg
Index: 48
Child Count: 1
Child Indicies: 199
1.000000 0.000000 -0.000000 0.000000
0.000000 1.000000 -0.000000 0.000000
-0.000000 -0.000000 1.000000 -0.000000
0.000000 0.000000 -0.000000 1.000000
-0.994747 -0.102365 -0.000000 0.000000
0.101784 -0.989104 0.106365 0.000000
-0.010888 0.105806 0.994327 -0.000000
-19.736063 90.527763 -10.253454 1.000000
Parent Index: 201
Name: mixamorig1:RightLeg
Index: 49
Child Count: 1
Child Indicies: 202
1.000000 0.000000 -0.000000 0.000000
0.000000 1.000000 -0.000000 0.000000
-0.000000 -0.000000 1.000000 -0.000000
0.000000 0.000000 -0.000000 1.000000
-0.994333 -0.106280 -0.002708 0.000000
0.105711 -0.991081 0.081142 0.000000
-0.011308 0.080396 0.996699 -0.000000
-19.922926 47.263569 -9.052296 1.000000
Parent Index: 204
Name: mixamorig1:RightFoot
Index: 50
Child Count: 1
Child Indicies: 205
1.000000 0.000000 -0.000000 0.000000
0.000000 1.000000 -0.000000 0.000000
-0.000000 -0.000000 1.000000 -0.000000
0.000000 0.000000 -0.000000 1.000000
-0.933380 -0.345424 0.097391 0.000000
0.127312 -0.572397 -0.810033 0.000000
0.335551 -0.743670 0.578240 -0.000000
-21.826668 5.317595 5.313372 1.000000
Parent Index: 206
Name: mixamorig1:RightToeBase
Index: 51
Child Count: 1
Child Indicies: 207
1.000000 0.000000 -0.000000 0.000000
0.000000 1.000000 -0.000000 0.000000
-0.000000 -0.000000 1.000000 -0.000000
0.000000 0.000000 -0.000000 1.000000
-0.917717 -0.394899 -0.043021 0.000000
0.040393 0.014970 -0.999072 0.000000
0.395176 -0.918603 0.002213 -0.000000
-21.137352 -13.607100 -0.438320 1.000000
Parent Index: -1
Name: RootNode
Index: 52
Child Count: 2
Child Indicies: 53
Child Indicies: 0
1.000000 0.000000 -0.000000 0.000000
0.000000 1.000000 -0.000000 0.000000
-0.000000 -0.000000 1.000000 -0.000000
0.000000 0.000000 -0.000000 1.000000
1.000000 0.000000 0.000000 0.000000
0.000000 1.000000 0.000000 0.000000
0.000000 0.000000 1.000000 0.000000
0.000000 0.000000 0.000000 1.000000
Parent Index: 52
Name: Ch45
Index: 53
Child Count: 0
1.000000 0.000000 -0.000000 0.000000
0.000000 1.000000 -0.000000 0.000000
-0.000000 -0.000000 1.000000 -0.000000
0.000000 0.000000 -0.000000 1.000000
1.000000 0.000000 0.000000 0.000000
0.000000 1.000000 0.000000 0.000000
0.000000 0.000000 1.000000 0.000000
0.000000 0.000000 0.000000 1.000000
Parent Index: 0
Name: mixamorig1:Spine_$AssimpFbx$_Translation
Index: 54
Child Count: 1
Child Indicies: 55
1.000000 0.000000 -0.000000 0.000000
0.000000 1.000000 -0.000000 0.000000
-0.000000 -0.000000 1.000000 -0.000000
0.000000 11.233009 0.973716 1.000000
1.000000 0.000000 0.000000 0.000000
0.000000 1.000000 0.000000 0.000000
0.000000 0.000000 1.000000 0.000000
0.000000 0.000000 0.000000 1.000000
Parent Index: 54
Name: mixamorig1:Spine_$AssimpFbx$_PreRotation
Index: 55
Child Count: 1
Child Indicies: 56
1.000000 0.000000 -0.000000 0.000000
0.000000 0.996264 0.086360 0.000000
-0.000000 -0.086360 0.996264 -0.000000
0.000000 0.000000 -0.000000 1.000000
1.000000 0.000000 0.000000 0.000000
0.000000 1.000000 0.000000 0.000000
0.000000 0.000000 1.000000 0.000000
0.000000 0.000000 0.000000 1.000000
Parent Index: 55
Name: mixamorig1:Spine_$AssimpFbx$_Rotation
Index: 56
Child Count: 1
Child Indicies: 1
1.000000 0.000000 -0.000000 0.000000
0.000000 1.000000 -0.000000 0.000000
-0.000000 -0.000000 1.000000 -0.000000
0.000000 0.000000 -0.000000 1.000000
1.000000 0.000000 0.000000 0.000000
0.000000 1.000000 0.000000 0.000000
0.000000 0.000000 1.000000 0.000000
0.000000 0.000000 0.000000 1.000000
Parent Index: 3
Name: mixamorig1:Neck_$AssimpFbx$_Translation
Index: 57
Child Count: 1
Child Indicies: 58
1.000000 0.000000 -0.000000 0.000000
0.000000 1.000000 -0.000000 0.000000
-0.000000 -0.000000 1.000000 -0.000000
0.000000 16.912703 -0.000001 1.000000
1.000000 0.000000 0.000000 0.000000
0.000000 1.000000 0.000000 0.000000
0.000000 0.000000 1.000000 0.000000
0.000000 0.000000 0.000000 1.000000
Parent Index: 57
Name: mixamorig1:Neck_$AssimpFbx$_PreRotation
Index: 58
Child Count: 1
Child Indicies: 4
1.000000 0.000000 -0.000000 0.000000
0.000000 0.996264 -0.086360 0.000000
-0.000000 0.086360 0.996264 -0.000000
0.000000 0.000000 -0.000000 1.000000
1.000000 0.000000 0.000000 0.000000
0.000000 1.000000 0.000000 0.000000
0.000000 0.000000 1.000000 0.000000
0.000000 0.000000 0.000000 1.000000
Parent Index: 5
Name: mixamorig1:HeadTop_End
Index: 59
Child Count: 0
1.000000 0.000000 -0.000000 0.000000
0.000000 1.000000 -0.000000 0.000000
-0.000000 -0.000000 1.000000 -0.000000
0.000000 20.560028 -6.739244 1.000000
1.000000 0.000000 0.000000 0.000000
0.000000 1.000000 0.000000 0.000000
0.000000 0.000000 1.000000 0.000000
0.000000 0.000000 0.000000 1.000000
Parent Index: 3
Name: mixamorig1:LeftShoulder_$AssimpFbx$_Translation
Index: 60
Child Count: 1
Child Indicies: 61
1.000000 0.000000 -0.000000 0.000000
0.000000 1.000000 -0.000000 0.000000
-0.000000 -0.000000 1.000000 -0.000000
7.265474 15.116138 0.206217 1.000000
1.000000 0.000000 0.000000 0.000000
0.000000 1.000000 0.000000 0.000000
0.000000 0.000000 1.000000 0.000000
0.000000 0.000000 0.000000 1.000000
Parent Index: 60
Name: mixamorig1:LeftShoulder_$AssimpFbx$_PreRotation
Index: 61
Child Count: 1
Child Indicies: 62
-0.027899 -0.000227 0.999611 0.000000
0.971602 -0.235066 0.027064 0.000000
0.234969 0.971979 0.006779 -0.000000
0.000000 0.000000 -0.000000 1.000000
1.000000 0.000000 0.000000 0.000000
0.000000 1.000000 0.000000 0.000000
0.000000 0.000000 1.000000 0.000000
0.000000 0.000000 0.000000 1.000000
Parent Index: 61
Name: mixamorig1:LeftShoulder_$AssimpFbx$_Rotation
Index: 62
Child Count: 1
Child Indicies: 6
1.000000 0.000000 -0.000000 0.000000
0.000000 1.000000 -0.000000 0.000000
-0.000000 -0.000000 1.000000 -0.000000
0.000000 0.000000 -0.000000 1.000000
1.000000 0.000000 0.000000 0.000000
0.000000 1.000000 0.000000 0.000000
0.000000 0.000000 1.000000 0.000000
0.000000 0.000000 0.000000 1.000000
Parent Index: 6
Name: mixamorig1:LeftArm_$AssimpFbx$_Translation
Index: 63
Child Count: 1
Child Indicies: 64
1.000000 0.000000 -0.000000 0.000000
0.000000 1.000000 -0.000000 0.000000
-0.000000 -0.000000 1.000000 -0.000000
-0.000000 15.098534 0.000000 1.000000
1.000000 0.000000 0.000000 0.000000
0.000000 1.000000 0.000000 0.000000
0.000000 0.000000 1.000000 0.000000
0.000000 0.000000 0.000000 1.000000
Parent Index: 63
Name: mixamorig1:LeftArm_$AssimpFbx$_PreRotation
Index: 64
Child Count: 1
Child Indicies: 65
0.998464 -0.055407 -0.000000 0.000000
0.054949 0.990200 0.128392 0.000000
-0.007114 -0.128195 0.991723 -0.000000
0.000000 0.000000 -0.000000 1.000000
1.000000 0.000000 0.000000 0.000000
0.000000 1.000000 0.000000 0.000000
0.000000 0.000000 1.000000 0.000000
0.000000 0.000000 0.000000 1.000000
Parent Index: 64
Name: mixamorig1:LeftArm_$AssimpFbx$_Rotation
Index: 65
Child Count: 1
Child Indicies: 7
1.000000 0.000000 -0.000000 0.000000
0.000000 1.000000 -0.000000 0.000000
-0.000000 -0.000000 1.000000 -0.000000
0.000000 0.000000 -0.000000 1.000000
1.000000 0.000000 0.000000 0.000000
0.000000 1.000000 0.000000 0.000000
0.000000 0.000000 1.000000 0.000000
0.000000 0.000000 0.000000 1.000000
Parent Index: 7
Name: mixamorig1:LeftForeArm_$AssimpFbx$_Translation
Index: 66
Child Count: 1
Child Indicies: 67
1.000000 0.000000 -0.000000 0.000000
0.000000 1.000000 -0.000000 0.000000
-0.000000 -0.000000 1.000000 -0.000000
0.000000 22.644630 -0.000000 1.000000
1.000000 0.000000 0.000000 0.000000
0.000000 1.000000 0.000000 0.000000
0.000000 0.000000 1.000000 0.000000
0.000000 0.000000 0.000000 1.000000
Parent Index: 66
Name: mixamorig1:LeftForeArm_$AssimpFbx$_PreRotation
Index: 67
Child Count: 1
Child Indicies: 68
0.970412 0.241456 -0.000000 0.000000
-0.240351 0.965972 0.095544 0.000000
0.023070 -0.092717 0.995425 -0.000000
0.000000 0.000000 -0.000000 1.000000
1.000000 0.000000 0.000000 0.000000
0.000000 1.000000 0.000000 0.000000
0.000000 0.000000 1.000000 0.000000
0.000000 0.000000 0.000000 1.000000
Parent Index: 67
Name: mixamorig1:LeftForeArm_$AssimpFbx$_Rotation
Index: 68
Child Count: 1
Child Indicies: 8
1.000000 0.000000 -0.000000 0.000000
0.000000 1.000000 -0.000000 0.000000
-0.000000 -0.000000 1.000000 -0.000000
0.000000 0.000000 -0.000000 1.000000
1.000000 0.000000 0.000000 0.000000
0.000000 1.000000 0.000000 0.000000
0.000000 0.000000 1.000000 0.000000
0.000000 0.000000 0.000000 1.000000
Parent Index: 8
Name: mixamorig1:LeftHand_$AssimpFbx$_Translation
Index: 69
Child Count: 1
Child Indicies: 70
1.000000 0.000000 -0.000000 0.000000
0.000000 1.000000 -0.000000 0.000000
-0.000000 -0.000000 1.000000 -0.000000
0.000000 27.292505 0.000000 1.000000
1.000000 0.000000 0.000000 0.000000
0.000000 1.000000 0.000000 0.000000
0.000000 0.000000 1.000000 0.000000
0.000000 0.000000 0.000000 1.000000
Parent Index: 69
Name: mixamorig1:LeftHand_$AssimpFbx$_PreRotation
Index: 70
Child Count: 1
Child Indicies: 71
0.986899 0.018409 -0.160289 0.000000
-0.058770 0.966235 -0.250871 0.000000
0.150258 0.257004 0.954658 -0.000000
0.000000 0.000000 -0.000000 1.000000
1.000000 0.000000 0.000000 0.000000
0.000000 1.000000 0.000000 0.000000
0.000000 0.000000 1.000000 0.000000
0.000000 0.000000 0.000000 1.000000
Parent Index: 70
Name: mixamorig1:LeftHand_$AssimpFbx$_Rotation
Index: 71
Child Count: 1
Child Indicies: 9
1.000000 0.000000 -0.000000 0.000000
0.000000 1.000000 -0.000000 0.000000
-0.000000 -0.000000 1.000000 -0.000000
0.000000 0.000000 -0.000000 1.000000
1.000000 0.000000 0.000000 0.000000
0.000000 1.000000 0.000000 0.000000
0.000000 0.000000 1.000000 0.000000
0.000000 0.000000 0.000000 1.000000
Parent Index: 9
Name: mixamorig1:LeftHandThumb1_$AssimpFbx$_Translation
Index: 72
Child Count: 1
Child Indicies: 73
1.000000 0.000000 -0.000000 0.000000
0.000000 1.000000 -0.000000 0.000000
-0.000000 -0.000000 1.000000 -0.000000
-2.841485 3.348266 -1.400398 1.000000
1.000000 0.000000 0.000000 0.000000
0.000000 1.000000 0.000000 0.000000
0.000000 0.000000 1.000000 0.000000
0.000000 0.000000 0.000000 1.000000
Parent Index: 72
Name: mixamorig1:LeftHandThumb1_$AssimpFbx$_PreRotation
Index: 73
Child Count: 1
Child Indicies: 74
0.737660 0.675173 0.000000 0.000000
-0.643215 0.702745 -0.304013 0.000000
-0.205261 0.224258 0.952668 -0.000000
0.000000 0.000000 -0.000000 1.000000
1.000000 0.000000 0.000000 0.000000
0.000000 1.000000 0.000000 0.000000
0.000000 0.000000 1.000000 0.000000
0.000000 0.000000 0.000000 1.000000
Parent Index: 73
Name: mixamorig1:LeftHandThumb1_$AssimpFbx$_Rotation
Index: 74
Child Count: 1
Child Indicies: 10
1.000000 0.000000 -0.000000 0.000000
0.000000 1.000000 -0.000000 0.000000
-0.000000 -0.000000 1.000000 -0.000000
0.000000 0.000000 -0.000000 1.000000
1.000000 0.000000 0.000000 0.000000
0.000000 1.000000 0.000000 0.000000
0.000000 0.000000 1.000000 0.000000
0.000000 0.000000 0.000000 1.000000
Parent Index: 10
Name: mixamorig1:LeftHandThumb2_$AssimpFbx$_Translation
Index: 75
Child Count: 1
Child Indicies: 76
1.000000 0.000000 -0.000000 0.000000
0.000000 1.000000 -0.000000 0.000000
-0.000000 -0.000000 1.000000 -0.000000
0.131693 3.685126 -0.000000 1.000000
1.000000 0.000000 0.000000 0.000000
0.000000 1.000000 0.000000 0.000000
0.000000 0.000000 1.000000 0.000000
0.000000 0.000000 0.000000 1.000000
Parent Index: 75
Name: mixamorig1:LeftHandThumb2_$AssimpFbx$_PreRotation
Index: 76
Child Count: 1
Child Indicies: 77
1.000000 0.000000 -0.000000 0.000000
0.000000 0.994449 -0.105216 0.000000
-0.000000 0.105216 0.994449 -0.000000
0.000000 0.000000 -0.000000 1.000000
1.000000 0.000000 0.000000 0.000000
0.000000 1.000000 0.000000 0.000000
0.000000 0.000000 1.000000 0.000000
0.000000 0.000000 0.000000 1.000000
Parent Index: 76
Name: mixamorig1:LeftHandThumb2_$AssimpFbx$_Rotation
Index: 77
Child Count: 1
Child Indicies: 11
1.000000 0.000000 -0.000000 0.000000
0.000000 1.000000 -0.000000 0.000000
-0.000000 -0.000000 1.000000 -0.000000
0.000000 0.000000 -0.000000 1.000000
1.000000 0.000000 0.000000 0.000000
0.000000 1.000000 0.000000 0.000000
0.000000 0.000000 1.000000 0.000000
0.000000 0.000000 0.000000 1.000000
Parent Index: 11
Name: mixamorig1:LeftHandThumb3_$AssimpFbx$_Translation
Index: 78
Child Count: 1
Child Indicies: 79
1.000000 0.000000 -0.000000 0.000000
0.000000 1.000000 -0.000000 0.000000
-0.000000 -0.000000 1.000000 -0.000000
0.177540 3.562063 -0.000000 1.000000
1.000000 0.000000 0.000000 0.000000
0.000000 1.000000 0.000000 0.000000
0.000000 0.000000 1.000000 0.000000
0.000000 0.000000 0.000000 1.000000
Parent Index: 78
Name: mixamorig1:LeftHandThumb3_$AssimpFbx$_PreRotation
Index: 79
Child Count: 1
Child Indicies: 80
1.000000 0.000000 -0.000000 0.000000
0.000000 0.999486 0.032073 0.000000
-0.000000 -0.032073 0.999486 -0.000000
0.000000 0.000000 -0.000000 1.000000
1.000000 0.000000 0.000000 0.000000
0.000000 1.000000 0.000000 0.000000
0.000000 0.000000 1.000000 0.000000
0.000000 0.000000 0.000000 1.000000
Parent Index: 79
Name: mixamorig1:LeftHandThumb3_$AssimpFbx$_Rotation
Index: 80
Child Count: 1
Child Indicies: 12
1.000000 0.000000 -0.000000 0.000000
0.000000 1.000000 -0.000000 0.000000
-0.000000 -0.000000 1.000000 -0.000000
0.000000 0.000000 -0.000000 1.000000
1.000000 0.000000 0.000000 0.000000
0.000000 1.000000 0.000000 0.000000
0.000000 0.000000 1.000000 0.000000
0.000000 0.000000 0.000000 1.000000
Parent Index: 12
Name: mixamorig1:LeftHandThumb4
Index: 81
Child Count: 0
1.000000 0.000000 -0.000000 0.000000
0.000000 1.000000 -0.000000 0.000000
-0.000000 -0.000000 1.000000 -0.000000
-0.309233 2.768091 -0.000000 1.000000
1.000000 0.000000 0.000000 0.000000
0.000000 1.000000 0.000000 0.000000
0.000000 0.000000 1.000000 0.000000
0.000000 0.000000 0.000000 1.000000
Parent Index: 9
Name: mixamorig1:LeftHandIndex1_$AssimpFbx$_Translation
Index: 82
Child Count: 1
Child Indicies: 83
1.000000 0.000000 -0.000000 0.000000
0.000000 1.000000 -0.000000 0.000000
-0.000000 -0.000000 1.000000 -0.000000
-3.418201 11.033099 0.012828 1.000000
1.000000 0.000000 0.000000 0.000000
0.000000 1.000000 0.000000 0.000000
0.000000 0.000000 1.000000 0.000000
0.000000 0.000000 0.000000 1.000000
Parent Index: 82
Name: mixamorig1:LeftHandIndex1_$AssimpFbx$_PreRotation
Index: 83
Child Count: 1
Child Indicies: 84
0.972188 0.234204 -0.000000 0.000000
-0.233881 0.970850 -0.052437 0.000000
-0.012281 0.050979 0.998624 -0.000000
0.000000 0.000000 -0.000000 1.000000
1.000000 0.000000 0.000000 0.000000
0.000000 1.000000 0.000000 0.000000
0.000000 0.000000 1.000000 0.000000
0.000000 0.000000 0.000000 1.000000
Parent Index: 83
Name: mixamorig1:LeftHandIndex1_$AssimpFbx$_Rotation
Index: 84
Child Count: 1
Child Indicies: 13
1.000000 0.000000 -0.000000 0.000000
0.000000 1.000000 -0.000000 0.000000
-0.000000 -0.000000 1.000000 -0.000000
0.000000 0.000000 -0.000000 1.000000
1.000000 0.000000 0.000000 0.000000
0.000000 1.000000 0.000000 0.000000
0.000000 0.000000 1.000000 0.000000
0.000000 0.000000 0.000000 1.000000
Parent Index: 13
Name: mixamorig1:LeftHandIndex2_$AssimpFbx$_Translation
Index: 85
Child Count: 1
Child Indicies: 86
1.000000 0.000000 -0.000000 0.000000
0.000000 1.000000 -0.000000 0.000000
-0.000000 -0.000000 1.000000 -0.000000
0.088696 3.146157 -0.000000 1.000000
1.000000 0.000000 0.000000 0.000000
0.000000 1.000000 0.000000 0.000000
0.000000 0.000000 1.000000 0.000000
0.000000 0.000000 0.000000 1.000000
Parent Index: 85
Name: mixamorig1:LeftHandIndex2_$AssimpFbx$_PreRotation
Index: 86
Child Count: 1
Child Indicies: 87
1.000000 0.000000 -0.000000 0.000000
0.000000 0.924440 -0.381327 0.000000
-0.000000 0.381327 0.924440 -0.000000
0.000000 0.000000 -0.000000 1.000000
1.000000 0.000000 0.000000 0.000000
0.000000 1.000000 0.000000 0.000000
0.000000 0.000000 1.000000 0.000000
0.000000 0.000000 0.000000 1.000000
Parent Index: 86
Name: mixamorig1:LeftHandIndex2_$AssimpFbx$_Rotation
Index: 87
Child Count: 1
Child Indicies: 14
1.000000 0.000000 -0.000000 0.000000
0.000000 1.000000 -0.000000 0.000000
-0.000000 -0.000000 1.000000 -0.000000
0.000000 0.000000 -0.000000 1.000000
1.000000 0.000000 0.000000 0.000000
0.000000 1.000000 0.000000 0.000000
0.000000 0.000000 1.000000 0.000000
0.000000 0.000000 0.000000 1.000000
Parent Index: 14
Name: mixamorig1:LeftHandIndex3_$AssimpFbx$_Translation
Index: 88
Child Count: 1
Child Indicies: 89
1.000000 0.000000 -0.000000 0.000000
0.000000 1.000000 -0.000000 0.000000
-0.000000 -0.000000 1.000000 -0.000000
-0.023312 2.795095 -0.000000 1.000000
1.000000 0.000000 0.000000 0.000000
0.000000 1.000000 0.000000 0.000000
0.000000 0.000000 1.000000 0.000000
0.000000 0.000000 0.000000 1.000000
Parent Index: 88
Name: mixamorig1:LeftHandIndex3_$AssimpFbx$_PreRotation
Index: 89
Child Count: 1
Child Indicies: 90
1.000000 0.000000 -0.000000 0.000000
0.000000 0.977386 -0.211461 0.000000
-0.000000 0.211461 0.977386 -0.000000
0.000000 0.000000 -0.000000 1.000000
1.000000 0.000000 0.000000 0.000000
0.000000 1.000000 0.000000 0.000000
0.000000 0.000000 1.000000 0.000000
0.000000 0.000000 0.000000 1.000000
Parent Index: 89
Name: mixamorig1:LeftHandIndex3_$AssimpFbx$_Rotation
Index: 90
Child Count: 1
Child Indicies: 15
1.000000 0.000000 -0.000000 0.000000
0.000000 1.000000 -0.000000 0.000000
-0.000000 -0.000000 1.000000 -0.000000
0.000000 0.000000 -0.000000 1.000000
1.000000 0.000000 0.000000 0.000000
0.000000 1.000000 0.000000 0.000000
0.000000 0.000000 1.000000 0.000000
0.000000 0.000000 0.000000 1.000000
Parent Index: 15
Name: mixamorig1:LeftHandIndex4
Index: 91
Child Count: 0
1.000000 0.000000 -0.000000 0.000000
0.000000 1.000000 -0.000000 0.000000
-0.000000 -0.000000 1.000000 -0.000000
-0.065384 2.306701 -0.000000 1.000000
1.000000 0.000000 0.000000 0.000000
0.000000 1.000000 0.000000 0.000000
0.000000 0.000000 1.000000 0.000000
0.000000 0.000000 0.000000 1.000000
Parent Index: 9
Name: mixamorig1:LeftHandMiddle1_$AssimpFbx$_Translation
Index: 92
Child Count: 1
Child Indicies: 93
1.000000 0.000000 -0.000000 0.000000
0.000000 1.000000 -0.000000 0.000000
-0.000000 -0.000000 1.000000 -0.000000
-1.106382 11.619540 0.081312 1.000000
1.000000 0.000000 0.000000 0.000000
0.000000 1.000000 0.000000 0.000000
0.000000 0.000000 1.000000 0.000000
0.000000 0.000000 0.000000 1.000000
Parent Index: 92
Name: mixamorig1:LeftHandMiddle1_$AssimpFbx$_PreRotation
Index: 93
Child Count: 1
Child Indicies: 94
0.996086 0.088393 0.000000 0.000000
-0.088393 0.996083 -0.002313 0.000000
-0.000204 0.002304 0.999997 -0.000000
0.000000 0.000000 -0.000000 1.000000
1.000000 0.000000 0.000000 0.000000
0.000000 1.000000 0.000000 0.000000
0.000000 0.000000 1.000000 0.000000
0.000000 0.000000 0.000000 1.000000
Parent Index: 93
Name: mixamorig1:LeftHandMiddle1_$AssimpFbx$_Rotation
Index: 94
Child Count: 1
Child Indicies: 16
1.000000 0.000000 -0.000000 0.000000
0.000000 1.000000 -0.000000 0.000000
-0.000000 -0.000000 1.000000 -0.000000
0.000000 0.000000 -0.000000 1.000000
1.000000 0.000000 0.000000 0.000000
0.000000 1.000000 0.000000 0.000000
0.000000 0.000000 1.000000 0.000000
0.000000 0.000000 0.000000 1.000000
Parent Index: 16
Name: mixamorig1:LeftHandMiddle2_$AssimpFbx$_Translation
Index: 95
Child Count: 1
Child Indicies: 96
1.000000 0.000000 -0.000000 0.000000
0.000000 1.000000 -0.000000 0.000000
-0.000000 -0.000000 1.000000 -0.000000
0.049120 3.342018 0.000000 1.000000
1.000000 0.000000 0.000000 0.000000
0.000000 1.000000 0.000000 0.000000
0.000000 0.000000 1.000000 0.000000
0.000000 0.000000 0.000000 1.000000
Parent Index: 95
Name: mixamorig1:LeftHandMiddle2_$AssimpFbx$_PreRotation
Index: 96
Child Count: 1
Child Indicies: 97
1.000000 0.000000 -0.000000 0.000000
0.000000 0.867240 -0.497890 0.000000
-0.000000 0.497890 0.867240 -0.000000
0.000000 0.000000 -0.000000 1.000000
1.000000 0.000000 0.000000 0.000000
0.000000 1.000000 0.000000 0.000000
0.000000 0.000000 1.000000 0.000000
0.000000 0.000000 0.000000 1.000000
Parent Index: 96
Name: mixamorig1:LeftHandMiddle2_$AssimpFbx$_Rotation
Index: 97
Child Count: 1
Child Indicies: 17
1.000000 0.000000 -0.000000 0.000000
0.000000 1.000000 -0.000000 0.000000
-0.000000 -0.000000 1.000000 -0.000000
0.000000 0.000000 -0.000000 1.000000
1.000000 0.000000 0.000000 0.000000
0.000000 1.000000 0.000000 0.000000
0.000000 0.000000 1.000000 0.000000
0.000000 0.000000 0.000000 1.000000
Parent Index: 17
Name: mixamorig1:LeftHandMiddle3_$AssimpFbx$_Translation
Index: 98
Child Count: 1
Child Indicies: 99
1.000000 0.000000 -0.000000 0.000000
0.000000 1.000000 -0.000000 0.000000
-0.000000 -0.000000 1.000000 -0.000000
-0.023362 3.109540 0.000000 1.000000
1.000000 0.000000 0.000000 0.000000
0.000000 1.000000 0.000000 0.000000
0.000000 0.000000 1.000000 0.000000
0.000000 0.000000 0.000000 1.000000
Parent Index: 98
Name: mixamorig1:LeftHandMiddle3_$AssimpFbx$_PreRotation
Index: 99
Child Count: 1
Child Indicies: 100
1.000000 0.000000 -0.000000 0.000000
0.000000 0.998037 -0.062622 0.000000
